[gd_scene format=3 uid="uid://bwf5ew2pcpn7w"]

[ext_resource type="PackedScene" uid="uid://7ql5qq73ydhw" path="res://Mapa/building-tower.glb" id="2_wjb0r"]
[ext_resource type="PackedScene" uid="uid://c17533q6arlt7" path="res://Mapa/grass-hill.glb" id="3_mc2jv"]
[ext_resource type="PackedScene" uid="uid://ylr4w7m32di4" path="res://Mapa/grass.glb" id="4_bo7i5"]
[ext_resource type="PackedScene" uid="uid://rdc0vnehjxbb" path="res://Mapa/path-intersectionD.glb" id="7_k83mh"]
[ext_resource type="PackedScene" uid="uid://c375cabd74x1u" path="res://Mapa/path-straight.glb" id="8_qktwf"]
[ext_resource type="PackedScene" uid="uid://pg7n8ut00305" path="res://Mapa/stone.glb" id="10_jjr1n"]
[ext_resource type="PackedScene" uid="uid://shyxwuu3wwgb" path="res://Mapa/bridge.glb" id="12_w44yn"]
[ext_resource type="PackedScene" uid="uid://de83q0vmkn0ch" path="res://Mapa/river-straight.glb" id="13_6ah6f"]
[ext_resource type="PackedScene" uid="uid://dey3okilp8ybe" path="res://Mapa/path-corner.glb" id="14_g1i3r"]
[ext_resource type="PackedScene" uid="uid://souaq670gocl" path="res://Mapa/grass-forest.glb" id="15_my276"]
[ext_resource type="PackedScene" uid="uid://vs67anjupc3h" path="res://Mapa/building-sheep.glb" id="16_yx0jh"]
[ext_resource type="PackedScene" uid="uid://bclwgnu2insp5" path="res://Mapa/unit-tree.glb" id="17_1ew0l"]
[ext_resource type="PackedScene" uid="uid://c5uvwuixpjxo7" path="res://Mapa/path-corner-sharp.glb" id="18_ryup7"]
[ext_resource type="PackedScene" uid="uid://h3b7l8i5cr8o" path="res://Mapa/building-market.glb" id="19_ytpkv"]
[ext_resource type="PackedScene" uid="uid://c24hpoqubnlm4" path="res://house.tscn" id="23_bo7i5"]
[ext_resource type="PackedScene" uid="uid://d0i607qaiy12s" path="res://mill.tscn" id="24_bo7i5"]
[ext_resource type="PackedScene" uid="uid://dcuts5m8bbhl6" path="res://Arena/weapon-spear.glb" id="24_mc2jv"]
[ext_resource type="PackedScene" uid="uid://dkwapliiu1mys" path="res://wallsWord1.tscn" id="25_4h6ng"]
[ext_resource type="PackedScene" uid="uid://dq303uf7r1s1t" path="res://Arena/statue.glb" id="25_bo7i5"]
[ext_resource type="PackedScene" uid="uid://q88m868cdvrf" path="res://castle.tscn" id="25_k83mh"]
[ext_resource type="PackedScene" uid="uid://q805fk3aftux" path="res://player.tscn" id="25_mc2jv"]
[ext_resource type="PackedScene" uid="uid://mpgruuoi13dm" path="res://tower.tscn" id="25_o3ebs"]
[ext_resource type="PackedScene" uid="uid://nbn0asbe4wf3" path="res://orc.tscn" id="26_4h6ng"]
[ext_resource type="Script" uid="uid://c15whta027iit" path="res://camera_follow.gd" id="26_bo7i5"]
[ext_resource type="PackedScene" uid="uid://dk4n4qgmeax2x" path="res://stairs.tscn" id="26_o3ebs"]
[ext_resource type="PackedScene" uid="uid://det7oyq61ct6y" path="res://build_slot.tscn" id="27_4h6ng"]

[sub_resource type="ProceduralSkyMaterial" id="ProceduralSkyMaterial_il2jm"]
sky_top_color = Color(0.81710947, 0.01682627, 0.3807821, 1)
sky_horizon_color = Color(0.23483449, 0.00023430049, 0.69736916, 1)
ground_bottom_color = Color(0.1263088, 0, 0.72530735, 1)
ground_horizon_color = Color(0.060327195, 0.7809794, 0.9999998, 1)
ground_curve = 0.08574214

[sub_resource type="Sky" id="Sky_wjb0r"]
sky_material = SubResource("ProceduralSkyMaterial_il2jm")

[sub_resource type="Environment" id="Environment_mc2jv"]
background_mode = 2
sky = SubResource("Sky_wjb0r")
sky_rotation = Vector3(0, 3.1415927, 0)
tonemap_mode = 2
glow_enabled = true

[sub_resource type="CameraAttributesPractical" id="CameraAttributesPractical_bo7i5"]
auto_exposure_enabled = true
dof_blur_far_enabled = true
dof_blur_far_distance = 3.75

[sub_resource type="NavigationMesh" id="NavigationMesh_bo7i5"]
vertices = PackedVector3Array(1.6782864, 0.32415605, -2.3981752, 1.6782864, 0.57415605, -1.3981752, 2.6782866, 0.32415605, -1.3981752, 2.6782866, 0.32415605, -2.3981752, 3.1782866, 0.32415605, 1.1018248, 3.6782866, 0.32415605, 2.1018248, 3.1782866, 0.32415605, 0.60182476, 1.4282864, 0.32415605, 3.1018248, 2.6782866, 0.32415605, 3.1018248, 1.9282864, 0.32415605, 2.6018248, 1.1782864, 0.57415605, 2.6018248, 2.1782866, 0.57415605, 1.1018248, 0.92828643, 0.57415605, 0.35182476, 0.17828643, 0.57415605, 1.3518248, 1.4282864, 0.57415605, -0.14817524, 1.4282864, 0.57415605, -1.1481752, 0.67828643, 0.32415605, -1.1481752, -0.07171357, 0.57415605, 2.6018248, -0.32171357, 0.57415605, 0.85182476)
polygons = [PackedInt32Array(3, 2, 0), PackedInt32Array(0, 2, 1), PackedInt32Array(6, 5, 4), PackedInt32Array(10, 9, 7), PackedInt32Array(7, 9, 8), PackedInt32Array(9, 10, 11), PackedInt32Array(11, 10, 13), PackedInt32Array(11, 13, 12), PackedInt32Array(4, 11, 6), PackedInt32Array(6, 11, 14), PackedInt32Array(14, 11, 12), PackedInt32Array(15, 14, 16), PackedInt32Array(16, 14, 12), PackedInt32Array(10, 17, 13), PackedInt32Array(12, 13, 18)]
agent_radius = 1.0

[node name="World 1" type="Node3D" unique_id=1357575747]

[node name="DirectionalLight3D" type="DirectionalLight3D" parent="." unique_id=276591259]
transform = Transform3D(-0.8660254, -0.43301278, 0.25, 0, 0.49999997, 0.86602545, -0.50000006, 0.75, -0.43301266, 0, 0, 0)
light_color = Color(1, 1, 0.6509804, 1)
shadow_enabled = true

[node name="WorldEnvironment" type="WorldEnvironment" parent="." unique_id=1332481536]
environment = SubResource("Environment_mc2jv")

[node name="building-tower2" parent="." unique_id=820907078 instance=ExtResource("2_wjb0r")]
transform = Transform3D(0.98399717, 0, 0.17818399, 0, 1, 0, -0.17818399, 0, 0.98399717, 0.3447246, 0, -0.9329382)

[node name="building-tower3" parent="." unique_id=285074497 instance=ExtResource("2_wjb0r")]
transform = Transform3D(-0.72056323, 0, 0.69338924, 0, 1, 0, -0.69338924, 0, -0.72056323, -0.85954833, 0, 0.16589999)

[node name="grass-hill2" parent="." unique_id=1348257623 instance=ExtResource("3_mc2jv")]
transform = Transform3D(0.9746363, 0, 0.22379449, 0, 1, 0, -0.22379449, 0, 0.9746363, -0.59985363, 0, -0.7314764)

[node name="grass18" parent="." unique_id=1759047259 instance=ExtResource("4_bo7i5")]
transform = Transform3D(0.9862827, 0, 0.16506481, 0, 1, 0, -0.16506481, 0, 0.9862827, -1.2904723, -0.18322158, 1.0843196)

[node name="grass19" parent="." unique_id=1231845132 instance=ExtResource("4_bo7i5")]
transform = Transform3D(0.9862827, 0, 0.16506481, 0, 1, 0, -0.16506481, 0, 0.9862827, -1.3767049, -0.18322158, 0.5787894)

[node name="building-castle2" parent="." unique_id=1806970837 instance=ExtResource("25_k83mh")]
transform = Transform3D(-0.6277593, 0, 0.7784075, 0, 1, 0, -0.7784075, 0, -0.6277593, 0, 0, 0)

[node name="river-straight5" parent="." unique_id=951743274 instance=ExtResource("13_6ah6f")]
transform = Transform3D(0.7442416, 0, -0.6679106, 0, 1, 0, 0.6679106, 0, 0.7442416, 3.8769054, -0.18321092, 0.6486718)

[node name="river-straight4" parent="." unique_id=1453707192 instance=ExtResource("13_6ah6f")]
transform = Transform3D(0.7442416, 0, -0.6679106, 0, 1, 0, 0.6679106, 0, 0.7442416, 3.196739, -0.18321092, 0.040768325)

[node name="river-straight3" parent="." unique_id=1519599881 instance=ExtResource("13_6ah6f")]
transform = Transform3D(0.7442416, 0, -0.6679106, 0, 1, 0, 0.6679106, 0, 0.7442416, 2.4582105, -0.18321092, -0.6214144)

[node name="river-straight2" parent="." unique_id=203708755 instance=ExtResource("13_6ah6f")]
transform = Transform3D(0.80548376, 0, -0.59261787, 0, 1, 0, 0.59261787, 0, 0.80548376, 1.0166626, -0.18061519, -1.8795526)

[node name="path-intersectionD2" parent="." unique_id=422971427 instance=ExtResource("7_k83mh")]
transform = Transform3D(0.6395866, 0, -0.768719, 0, 1, 0, 0.768719, 0, 0.6395866, 0.5400465, 0.20000005, 0.676651)

[node name="path-straight2" parent="." unique_id=782828460 instance=ExtResource("8_qktwf")]
transform = Transform3D(1.1956378, 0, 0, 0, 1, 0, 0, 0, 1, 1.4887378, 0.20000005, 0.589352)

[node name="path-straight5" parent="." unique_id=1890041999 instance=ExtResource("8_qktwf")]
transform = Transform3D(0.56343955, 0, 0.8261573, 0, 1, 0, -0.8261573, 0, 0.56343955, 2.192685, 0.014231682, -1.9183209)

[node name="path-straight7" parent="." unique_id=812249463 instance=ExtResource("8_qktwf")]
transform = Transform3D(0.65044296, 0, 0.75955516, 0, 1, 0, -0.75955516, 0, 0.65044296, 2.6721146, 0.014231682, -2.5349922)

[node name="path-straight6" parent="." unique_id=1663752573 instance=ExtResource("8_qktwf")]
transform = Transform3D(0.65903294, 0, -0.42110416, 0, 1, 0, 0.5013401, 0, 0.55355936, 2.1690958, 0.024496868, 0.05151783)

[node name="path-straight3" parent="." unique_id=553705041 instance=ExtResource("8_qktwf")]
transform = Transform3D(0.52642524, 0, -0.88534546, 0, 1.31018, 0, 1.0850939, 0, 0.4295188, 1.0568628, 0.19539008, 1.4767252)

[node name="path-straight4" parent="." unique_id=1009697562 instance=ExtResource("8_qktwf")]
transform = Transform3D(0.47102612, 0, 0.846342, 0, 1, 0, -1.0744027, 0, 0.37104267, 0.19614851, 0.20000029, 1.5294588)

[node name="path-corner2" parent="." unique_id=2092730576 instance=ExtResource("14_g1i3r")]
transform = Transform3D(0.2319074, 0, -0.64938873, 0, 1, 0, 0.8389028, 0, 0.17951788, 1.555554, 0.021547124, -0.326796)

[node name="path-corner3" parent="." unique_id=1440727237 instance=ExtResource("14_g1i3r")]
transform = Transform3D(-0.54956144, 0, -0.4430845, 0, 1, 0, 0.78412664, 0, -0.3105393, 1.4207593, 0.01943259, -0.98877794)

[node name="grass-forest2" parent="." unique_id=239867913 instance=ExtResource("15_my276")]
transform = Transform3D(0.9362376, 0, 0.3513679, 0, 1, 0, -0.3513679, 0, 0.9362376, 1.1756568, -0.18003055, -2.8447983)

[node name="grass-forest3" parent="." unique_id=2034458434 instance=ExtResource("15_my276")]
transform = Transform3D(0.3513351, 0, 0.93624985, 0, 1, 0, -0.93624985, 0, 0.3513351, 2.0603147, -0.18003055, -3.0814528)

[node name="building-sheep2" parent="." unique_id=993129312 instance=ExtResource("16_yx0jh")]
transform = Transform3D(0.7336468, 0, -0.679531, 0, 1, 0, 0.679531, 0, 0.7336468, 2.684111, -0.180608, 1.9949679)

[node name="unit-tree2" parent="." unique_id=545092252 instance=ExtResource("17_1ew0l")]
transform = Transform3D(1, 0, 0, 0, 1, 0, 0, 0, 1, 2.6757107, 0.016778588, 1.1856143)

[node name="path-corner-sharp2" parent="." unique_id=28444524 instance=ExtResource("18_ryup7")]
transform = Transform3D(0.53796935, 0, 0, 0, 0.9999995, 0, 0, 0, 0.7660537, 2.6062863, 0.016778618, 0.61566913)

[node name="path-straight8" parent="." unique_id=67354607 instance=ExtResource("8_qktwf")]
transform = Transform3D(0.1563483, 0, -0.987702, 0, 1, 0, 0.987702, 0, 0.1563483, 1.4185582, 0.0012549162, 2.4904068)

[node name="path-straight10" parent="." unique_id=474964312 instance=ExtResource("8_qktwf")]
transform = Transform3D(-0.8960375, 0, -0.44397855, 0, 1, 0, 0.44397855, 0, -0.8960375, -0.5816902, 0.016778588, 2.4629388)

[node name="path-straight9" parent="." unique_id=2048084090 instance=ExtResource("8_qktwf")]
transform = Transform3D(-0.0017278492, 0, -0.99999857, 0, 1, 0, 0.99999857, 0, -0.0017278492, 1.4977098, -0.003967881, 3.4518967)

[node name="building-market2" parent="." unique_id=494538604 instance=ExtResource("19_ytpkv")]
transform = Transform3D(0.98850703, 0, 0.15117456, 0, 1, 0, -0.15117456, 0, 0.98850703, -0.66615826, -0.18394426, 1.8473411)

[node name="weapon-spear2" parent="." unique_id=1967338599 instance=ExtResource("24_mc2jv")]
transform = Transform3D(0.5, 0, 0, 0, 0.47597125, -0.15313844, 0, 0.15313844, 0.47597125, 2.915193, -0.02563095, -2.5539448)

[node name="weapon-spear3" parent="." unique_id=236591727 instance=ExtResource("24_mc2jv")]
transform = Transform3D(0.4770209, -0.1481813, -0.022211952, 0.14983681, 0.4717504, 0.070714034, 0, -0.07412048, 0.49447563, 2.915193, -0.02563095, -2.5539448)

[node name="weapon-spear4" parent="." unique_id=924853293 instance=ExtResource("24_mc2jv")]
transform = Transform3D(0.49985215, -0.011647202, -0.003488307, 0.01013754, 0.47844866, -0.14485899, 0.006712365, 0.14474542, 0.47854334, 2.5144575, -0.02563095, -2.7748508)

[node name="weapon-spear5" parent="." unique_id=2026893970 instance=ExtResource("24_mc2jv")]
transform = Transform3D(0.47387737, -0.1565694, -0.030434195, 0.15945527, 0.46729773, 0.07878348, 0.0037735105, -0.08437319, 0.49281532, 2.5144575, -0.02563095, -2.7748508)

[node name="statue2" parent="." unique_id=1887048540 instance=ExtResource("25_bo7i5")]
transform = Transform3D(0.23151068, 0, 0.19079517, 0, 0.29999998, 0, -0.19079517, 0, 0.23151068, 0.5461067, 0.23651183, 0.64034414)

[node name="Player" parent="." unique_id=1040113878 instance=ExtResource("25_mc2jv")]
transform = Transform3D(1, 0, 0, 0, 1, 0, 0, 0, 1, 0.2837014, 0.22617066, 0.40977418)

[node name="Camera3D2" type="Camera3D" parent="." unique_id=2104519124 node_paths=PackedStringArray("player")]
transform = Transform3D(1, 0, 0, 0, 0.63448775, 0.7729329, 0, -0.7729329, 0.63448775, 0.30905718, 2.363804, 3.0047047)
attributes = SubResource("CameraAttributesPractical_bo7i5")
script = ExtResource("26_bo7i5")
player = NodePath("../Player")

[node name="BuildSlot" parent="." unique_id=612575103 instance=ExtResource("27_4h6ng")]
transform = Transform3D(1, 0, 0, 0, 1, 0, 0, 0, 1, 0.56417096, 0.22401634, 1.7101067)
building_scene = ExtResource("25_o3ebs")

[node name="BuildSlot2" parent="." unique_id=1895283342 instance=ExtResource("27_4h6ng")]
transform = Transform3D(1, 0, 0, 0, 1, 0, 0, 0, 1, 1.385318, 0.22401634, 0.87201834)
building_scene = ExtResource("25_o3ebs")

[node name="BuildSlot3" parent="." unique_id=749433405 instance=ExtResource("27_4h6ng")]
transform = Transform3D(1, 0, 0, 0, 1, 0, 0, 0, 1, 1.8302064, 0.046407133, -1.9722089)
building_scene = ExtResource("25_o3ebs")

[node name="BuildSlot4" parent="." unique_id=205492282 instance=ExtResource("27_4h6ng")]
transform = Transform3D(0.95948136, 0, 0.28177205, 0, 1, 0, -0.28177205, 0, 0.95948136, 1.4554436, 0.22274366, 1.4368008)
building_scene = ExtResource("23_bo7i5")

[node name="BuildSlot8" parent="." unique_id=124503989 instance=ExtResource("27_4h6ng")]
transform = Transform3D(0.32763028, 0, 0.9448061, 0, 1, 0, -0.9448061, 0, 0.32763028, 2.1106706, 0.0011358559, 1.166252)
building_scene = ExtResource("24_bo7i5")

[node name="BuildSlot9" parent="." unique_id=996746159 instance=ExtResource("27_4h6ng")]
transform = Transform3D(-0.20374423, 0, 0.97902423, 0, 1, 0, -0.97902423, 0, -0.20374423, 1.2556448, 0.20512283, 0.11539775)
building_scene = ExtResource("24_bo7i5")

[node name="BuildSlot5" parent="." unique_id=1608736979 instance=ExtResource("27_4h6ng")]
transform = Transform3D(0.38638914, 0, 0.922336, 0, 1, 0, -0.922336, 0, 0.38638914, 0.7596598, 0.22274366, -0.22182027)
building_scene = ExtResource("23_bo7i5")

[node name="BuildSlot6" parent="." unique_id=1150459479 instance=ExtResource("27_4h6ng")]
transform = Transform3D(-0.97803146, 0, 0.2084579, 0, 1, 0, -0.2084579, 0, -0.97803146, 0.77965623, 0.025059968, 2.3023787)
building_scene = ExtResource("25_o3ebs")

[node name="BuildSlot10" parent="." unique_id=1271325995 instance=ExtResource("27_4h6ng")]
transform = Transform3D(0.9953745, 0, 0.09607169, 0, 1, 0, -0.09607169, 0, 0.9953745, 1.5178947, 0.020772964, 3.1829352)
building_scene = ExtResource("25_4h6ng")

[node name="BuildSlot7" parent="." unique_id=789839566 instance=ExtResource("27_4h6ng")]
transform = Transform3D(-0.97803146, 0, 0.2084579, 0, 1, 0, -0.2084579, 0, -0.97803146, -0.30591363, 0.22274366, 0.88109255)
building_scene = ExtResource("23_bo7i5")

[node name="Orc" parent="." unique_id=844430660 instance=ExtResource("26_4h6ng")]
transform = Transform3D(1, 0, 0, 0, 1, 0, 0, 0, 1, 1.3297212, 0.22845525, 1.933703)

[node name="stone7" parent="." unique_id=1211744482 instance=ExtResource("10_jjr1n")]
transform = Transform3D(0.95602363, 0, 0.29328954, 0, 1, 0, -0.29328954, 0, 0.95602363, -0.88503903, -0.08817288, 0.16546911)

[node name="stone6" parent="." unique_id=72329328 instance=ExtResource("10_jjr1n")]
transform = Transform3D(0.9854317, 0, 0.17007191, 0, 1, 0, -0.17007191, 0, 0.9854317, -0.6238976, -0.08817288, -0.7678236)

[node name="stone5" parent="." unique_id=26639424 instance=ExtResource("10_jjr1n")]
transform = Transform3D(0.9854317, 0, 0.17007191, 0, 1, 0, -0.17007191, 0, 0.9854317, 0.351705, -0.08817288, -0.945668)

[node name="stone4" parent="." unique_id=1369078148 instance=ExtResource("10_jjr1n")]
transform = Transform3D(0.9854317, 0, 0.17007191, 0, 1, 0, -0.17007191, 0, 0.9854317, 0.99087036, -0.08817288, -0.17173553)

[node name="stone3" parent="." unique_id=1597555481 instance=ExtResource("10_jjr1n")]
transform = Transform3D(0.9854317, 0, 0.17007191, 0, 1, 0, -0.17007191, 0, 0.9854317, 1.5623373, -0.08817288, 0.57364976)

[node name="stone9" parent="." unique_id=788493909 instance=ExtResource("10_jjr1n")]
transform = Transform3D(0.9854317, 0, 0.17007191, 0, 1, 0, -0.17007191, 0, 0.9854317, -0.33624846, -0.08817288, 0.89405894)

[node name="stone12" parent="." unique_id=1331441626 instance=ExtResource("10_jjr1n")]
transform = Transform3D(0.9854317, 0, 0.17007191, 0, 1, 0, -0.17007191, 0, 0.9854317, 1.3234874, -0.1308223, 1.4596086)

[node name="stone11" parent="." unique_id=737432192 instance=ExtResource("10_jjr1n")]
transform = Transform3D(0.9854317, 0, 0.17007191, 0, 1, 0, -0.17007191, 0, 0.9854317, 1.2272639, -0.1308223, 1.5408528)

[node name="stone10" parent="." unique_id=408720842 instance=ExtResource("10_jjr1n")]
transform = Transform3D(0.9854317, 0, 0.17007191, 0, 1, 0, -0.17007191, 0, 0.9854317, 0.26816148, -0.1308223, 1.705662)

[node name="stone8" parent="." unique_id=46119721 instance=ExtResource("10_jjr1n")]
transform = Transform3D(0.9854317, 0, 0.17007191, 0, 1, 0, -0.17007191, 0, 0.9854317, 0.26816148, -0.08817288, 1.6425264)

[node name="stone2" parent="." unique_id=1779118724 instance=ExtResource("10_jjr1n")]
transform = Transform3D(0.9854317, 0, 0.17007191, 0, 1, 0, -0.17007191, 0, 0.9854317, 1.2494665, -0.08817288, 1.4646679)

[node name="NavigationRegion3D" type="NavigationRegion3D" parent="." unique_id=1189429827]
transform = Transform3D(1.0001031, 0, 0, 0, 1.0001031, 0, 0, 0, 1.0001031, 0, 0, 0)
navigation_mesh = SubResource("NavigationMesh_bo7i5")

[node name="grass2" parent="NavigationRegion3D" unique_id=173861466 instance=ExtResource("4_bo7i5")]
transform = Transform3D(0.9862827, 0, 0.16506481, 0, 1, 0, -0.16506481, 0, 0.9862827, 0.6305363, 0, 0.76105785)

[node name="grass5" parent="NavigationRegion3D" unique_id=1274225781 instance=ExtResource("4_bo7i5")]
transform = Transform3D(0.9862827, 0, 0.16506481, 0, 1, 0, -0.16506481, 0, 0.9862827, 1.5513911, 0, 0.5739329)

[node name="grass6" parent="NavigationRegion3D" unique_id=1235979000 instance=ExtResource("4_bo7i5")]
transform = Transform3D(0.9862827, 0, 0.16506481, 0, 1, 0, -0.16506481, 0, 0.9862827, 0.27327538, 0, 1.6338955)

[node name="grass8" parent="NavigationRegion3D" unique_id=1643645280 instance=ExtResource("4_bo7i5")]
transform = Transform3D(0.9862827, 0, 0.16506481, 0, 1, 0, -0.16506481, 0, 0.9862827, 0.8836616, -0.18322158, 2.4390938)

[node name="grass16" parent="NavigationRegion3D" unique_id=1539983488 instance=ExtResource("4_bo7i5")]
transform = Transform3D(0.9862827, 0, 0.16506481, 0, 1, 0, -0.16506481, 0, 0.9862827, -0.06650412, -0.18322158, 2.588431)

[node name="grass24" parent="NavigationRegion3D" unique_id=1412596246 instance=ExtResource("4_bo7i5")]
transform = Transform3D(0.9862827, 0, 0.16506481, 0, 1, 0, -0.16506481, 0, 0.9862827, -1.0309198, -0.18322146, 2.7646863)

[node name="grass22" parent="NavigationRegion3D" unique_id=169418280 instance=ExtResource("4_bo7i5")]
transform = Transform3D(0.9433096, 0, 0.3319142, 0, 1, 0, -0.3319142, 0, 0.9433096, 2.6869347, -0.18, -2.353555)

[node name="grass21" parent="NavigationRegion3D" unique_id=808133592 instance=ExtResource("4_bo7i5")]
transform = Transform3D(0.9433096, 0, 0.3319142, 0, 1, 0, -0.3319142, 0, 0.9433096, 2.6688485, -0.18, -1.6098754)

[node name="grass20" parent="NavigationRegion3D" unique_id=1541190018 instance=ExtResource("4_bo7i5")]
transform = Transform3D(0.9433096, 0, 0.3319142, 0, 1, 0, -0.3319142, 0, 0.9433096, 1.923029, -0.18, -2.2380326)

[node name="bridge2" parent="NavigationRegion3D" unique_id=1813102674 instance=ExtResource("12_w44yn")]
transform = Transform3D(0.7375131, 0, -0.6753328, 0, 1, 0, 0.6753328, 0, 0.7375131, 1.73276, -0.18397015, -1.2892294)

[node name="stairs2" parent="NavigationRegion3D" unique_id=1106050691 instance=ExtResource("26_o3ebs")]
transform = Transform3D(0.87026817, 0, 0.4087509, 0, 1.2864686, 0, -0.31233817, 0, 1.138903, 1.3790504, 0.0175491, 2.1784143)

[node name="stairs3" parent="NavigationRegion3D" unique_id=1388841608 instance=ExtResource("26_o3ebs")]
transform = Transform3D(-0.032962233, 0, 1.2092627, 0, 1.2864685, 0, -0.924032, 0, -0.043136984, 2.2646055, 0.026890429, 0.59430027)

[node name="stairs4" parent="NavigationRegion3D" unique_id=1749853777 instance=ExtResource("26_o3ebs")]
transform = Transform3D(0.804605, 0, -0.59617907, 0, 1.2864685, 0, 0.45555735, 0, 1.0529709, -0.13047057, 0.026890429, 2.2011042)

[node name="grass4" parent="NavigationRegion3D" unique_id=1623088298 instance=ExtResource("4_bo7i5")]
transform = Transform3D(0.9862827, 0, 0.16506481, 0, 1, 0, -0.16506481, 0, 0.9862827, -0.32422364, 0, 0.89666885)

[node name="grass3" parent="NavigationRegion3D" unique_id=414415951 instance=ExtResource("4_bo7i5")]
transform = Transform3D(0.9862827, 0, 0.16506481, 0, 1, 0, -0.16506481, 0, 0.9862827, 0.9809263, 0, -0.16771275)

[node name="grass7" parent="NavigationRegion3D" unique_id=923132007 instance=ExtResource("4_bo7i5")]
transform = Transform3D(0.9862827, 0, 0.16506481, 0, 1, 0, -0.16506481, 0, 0.9862827, 1.243957, 0, 1.4584464)

[node name="grass25" parent="NavigationRegion3D" unique_id=326827162 instance=ExtResource("4_bo7i5")]
transform = Transform3D(0.9450973, 0, -0.32678908, 0, 1, 0, 0.32678908, 0, 0.9450973, 2.828419, -0.18096003, 0.6663154)

[node name="grass23" parent="NavigationRegion3D" unique_id=528997633 instance=ExtResource("4_bo7i5")]
transform = Transform3D(0.9609484, 0, 0.2767277, 0, 1, 0, -0.2767277, 0, 0.9609484, 2.933221, -0.18096003, 1.037681)

[node name="grass13" parent="NavigationRegion3D" unique_id=824965024 instance=ExtResource("4_bo7i5")]
transform = Transform3D(0.9609484, 0, 0.2767277, 0, 1, 0, -0.2767277, 0, 0.9609484, 2.6779962, -0.18322158, 0.92183006)

[node name="grass15" parent="NavigationRegion3D" unique_id=1225567122 instance=ExtResource("4_bo7i5")]
transform = Transform3D(0.9609484, 0, 0.2767277, 0, 1, 0, -0.2767277, 0, 0.9609484, 1.5434127, -0.18322158, -0.3727718)

[node name="grass14" parent="NavigationRegion3D" unique_id=27511217 instance=ExtResource("4_bo7i5")]
transform = Transform3D(0.9609484, 0, 0.2767277, 0, 1, 0, -0.2767277, 0, 0.9609484, 0.835721, -0.18322158, -1.0595503)

[node name="grass12" parent="NavigationRegion3D" unique_id=929015328 instance=ExtResource("4_bo7i5")]
transform = Transform3D(0.9609484, 0, 0.2767277, 0, 1, 0, -0.2767277, 0, 0.9609484, 2.2613006, -0.18322158, 0.31088328)

[node name="grass10" parent="NavigationRegion3D" unique_id=1228351112 instance=ExtResource("4_bo7i5")]
transform = Transform3D(0.9609484, 0, 0.2767277, 0, 1, 0, -0.2767277, 0, 0.9609484, 2.0278447, -0.18322158, 1.2549565)

[node name="grass29" parent="NavigationRegion3D" unique_id=1575868503 instance=ExtResource("4_bo7i5")]
transform = Transform3D(0.61814773, 0, 0.78606194, 0, 1, 0, -0.78606194, 0, 0.61814773, 3.5301871, -0.18121466, 1.344983)

[node name="grass28" parent="NavigationRegion3D" unique_id=578368865 instance=ExtResource("4_bo7i5")]
transform = Transform3D(0.61814773, 0, 0.78606194, 0, 1, 0, -0.78606194, 0, 0.61814773, 3.2994862, -0.18121466, 1.0531348)

[node name="grass27" parent="NavigationRegion3D" unique_id=76500473 instance=ExtResource("4_bo7i5")]
transform = Transform3D(0.2523902, 0, 0.96762556, 0, 1, 0, -0.96762556, 0, 0.2523902, 3.6267793, -0.1777601, 1.7219262)

[node name="grass26" parent="NavigationRegion3D" unique_id=1702005777 instance=ExtResource("4_bo7i5")]
transform = Transform3D(0.2523902, 0, 0.96762556, 0, 1, 0, -0.96762556, 0, 0.2523902, 3.3984234, -0.1777601, 2.6564243)

[node name="grass17" parent="NavigationRegion3D" unique_id=2109325863 instance=ExtResource("4_bo7i5")]
transform = Transform3D(0.2523902, 0, 0.96762556, 0, 1, 0, -0.96762556, 0, 0.2523902, 2.4367685, -0.1777601, 2.92626)

[node name="grass9" parent="NavigationRegion3D" unique_id=887129602 instance=ExtResource("4_bo7i5")]
transform = Transform3D(0.9609484, 0, 0.2767277, 0, 1, 0, -0.2767277, 0, 0.9609484, 1.7916439, -0.18322158, 2.2173922)

[node name="grass11" parent="NavigationRegion3D" unique_id=931001126 instance=ExtResource("4_bo7i5")]
transform = Transform3D(0.9862827, 0, 0.16506481, 0, 1, 0, -0.16506481, 0, 0.9862827, 1.4957834, -0.18322158, 3.1242104)
