[gd_scene format=3 uid="uid://dsibvryp2m3a0"]

[ext_resource type="MeshLibrary" uid="uid://cencw2mjvhvie" path="res://Gridmap/Map3Kit.meshlib" id="1_d23so"]
[ext_resource type="PackedScene" uid="uid://bsl8oowujr003" path="res://Assets/graveyard/Bottle_05.fbx" id="2_lww02"]
[ext_resource type="PackedScene" uid="uid://bxap8367eqs8s" path="res://Assets/graveyard/Wood_02.fbx" id="3_bemi7"]
[ext_resource type="PackedScene" uid="uid://doh034wlpiuug" path="res://Assets/graveyard/Candle_01.fbx" id="4_ngkbq"]
[ext_resource type="PackedScene" uid="uid://clf2ctpitnx76" path="res://Assets/graveyard/Book_09.fbx" id="5_xefyx"]
[ext_resource type="PackedScene" uid="uid://dc63kf1h40fjf" path="res://Assets/graveyard/Jug_02.fbx" id="6_25yaj"]
[ext_resource type="PackedScene" uid="uid://bygtcwx0xdara" path="res://Assets/graveyard/Rock_01.fbx" id="7_s3qry"]
[ext_resource type="PackedScene" uid="uid://bh7ivpqwifagh" path="res://Assets/graveyard/detail-plate.glb" id="8_t7pbn"]
[ext_resource type="PackedScene" uid="uid://c8htt1o8vuysa" path="res://Assets/graveyard/detail-chalice.glb" id="9_43gj3"]

[node name="Node3D" type="Node3D" unique_id=1107675668]

[node name="Ground" type="GridMap" parent="." unique_id=1913934007]
transform = Transform3D(2, 0, 0, 0, 2, 0, 0, 0, 2, 0, 0, 0)
mesh_library = ExtResource("1_d23so")
cell_size = Vector3(0.5, 1, 0.5)
data = {
"cells": PackedInt32Array(-2, 1, 54, -65536, 65535, 54, -2, 65535, 54, -65534, 65535, 54, -65534, 1, 54, -65536, 0, 82)
}
metadata/_editor_floor_ = Vector3(0, -1, 0)

[node name="Decoration" type="GridMap" parent="." unique_id=1268747948]
transform = Transform3D(0.33, 0, 0, 0, 0.33, 0, 0, 0, 0.33, 0, 0.1, 0)
mesh_library = ExtResource("1_d23so")
cell_size = Vector3(0.5, 1, 0.5)
data = {
"cells": PackedInt32Array(10, 65526, 1048690, 131068, 65528, 110, 131070, 65528, 110, 65536, 65528, 110, 65538, 65528, 110, 65540, 65528, 110, 65540, 65530, 1048686, 65540, 65531, 1048686, 65540, 65533, 1048686, 65540, 0, 1048686, 65540, 2, 1048686, 65540, 3, 1048686, 65540, 5, 110, 65542, 5, 1441902, 65538, 5, 110, 65536, 5, 110, 131070, 5, 110, 131068, 5, 110, 131067, 65530, 114, 131070, 4, 114, 131068, 3, 112, 131070, 65530, 112, 65537, 65531, 146, -262122, 12, 655463, -262128, 12, 655463, -262133, 12, 655463, -262138, 12, 655463, -262144, 12, 655463, -196613, 12, 655463, -196618, 12, 655463, -196625, 12, 655463, 262166, 12, 524391, 262158, 12, 524391, 262151, 12, 524391, 262144, 12, 524391, 327673, 12, 524391, 327666, 12, 524391, 327663, 12, 524391)
}
metadata/_editor_floor_ = Vector3(0, -3, 0)

[node name="Deco2" type="GridMap" parent="." unique_id=659132369]
transform = Transform3D(1, 0, 0, 0, 1, 0, 0, 0, 1, 0, -0.49, 0)
mesh_library = ExtResource("1_d23so")
cell_size = Vector3(1, 1, 1)
data = {
"cells": PackedInt32Array(-65536, 65535, 97)
}
metadata/_editor_floor_ = Vector3(0, -1, 0)

[node name="Bottle_05" parent="." unique_id=1060815643 instance=ExtResource("2_lww02")]
transform = Transform3D(1, 0, 0, 0, 1, 0, 0, 0, 1, -0.5313444, -0.6550837, 1.6511292)

[node name="Bottle_06" parent="." unique_id=857870240 instance=ExtResource("2_lww02")]
transform = Transform3D(1, 0, 0, 0, 1, 0, 0, 0, 1, -0.6171931, -0.6550837, 1.6511292)

[node name="Bottle_07" parent="." unique_id=1603392893 instance=ExtResource("2_lww02")]
transform = Transform3D(1, 0, 0, 0, 1, 0, 0, 0, 1, -0.57784, -0.6550837, 1.6072378)

[node name="Wood_07" parent="." unique_id=1878041594 instance=ExtResource("3_bemi7")]
transform = Transform3D(-4.3711385e-08, 1, -4.371138e-08, 0, -4.371139e-08, -0.9999998, -0.99999994, -4.371139e-08, 1.910685e-15, -1.324412, 0.5384595, 1.638829)

[node name="Wood_11" parent="." unique_id=984648670 instance=ExtResource("3_bemi7")]
transform = Transform3D(-4.3711385e-08, 1, -4.371138e-08, 0, -4.371139e-08, -0.9999998, -0.99999994, -4.371139e-08, 1.910685e-15, -1.324412, -0.46681887, 1.638829)

[node name="Wood_12" parent="." unique_id=1176756603 instance=ExtResource("3_bemi7")]
transform = Transform3D(-4.3711385e-08, 1, -4.371138e-08, 0, -4.371139e-08, -0.9999998, -0.99999994, -4.371139e-08, 1.910685e-15, -0.2360121, -0.46681887, 1.638829)

[node name="Wood_13" parent="." unique_id=1292229939 instance=ExtResource("3_bemi7")]
transform = Transform3D(-4.3711385e-08, 1, -4.371138e-08, 0, -4.371139e-08, -0.9999998, -0.99999994, -4.371139e-08, 1.910685e-15, -0.2360121, 0.61209685, 1.638829)

[node name="Wood_02" parent="." unique_id=4197807 instance=ExtResource("3_bemi7")]
transform = Transform3D(-0.020384016, 0, -0.9997922, 0, 1, 0, 0.9997922, 0, -0.020384016, -0.7886497, -0.9739836, 1.6532218)

[node name="Wood_03" parent="." unique_id=1563556917 instance=ExtResource("3_bemi7")]
transform = Transform3D(-0.020384016, 0, -0.9997922, 0, 1, 0, 0.9997922, 0, -0.020384016, -0.7886497, 1.0959258, 1.6532218)

[node name="Wood_04" parent="." unique_id=1053335402 instance=ExtResource("3_bemi7")]
transform = Transform3D(-0.020384016, 0, -0.9997922, 0, 1, 0, 0.9997922, 0, -0.020384016, -0.7886497, 0.7576818, 1.6532218)

[node name="Wood_05" parent="." unique_id=1241818290 instance=ExtResource("3_bemi7")]
transform = Transform3D(-0.020384016, 0, -0.9997922, 0, 1, 0, 0.9997922, 0, -0.020384016, -0.7886497, 0.3721071, 1.6532218)

[node name="Wood_06" parent="." unique_id=1928364326 instance=ExtResource("3_bemi7")]
transform = Transform3D(-0.020384016, 0, -0.9997922, 0, 1, 0, 0.9997922, 0, -0.020384016, -0.7886497, 0.042696536, 1.6532218)

[node name="Wood_08" parent="." unique_id=1987372101 instance=ExtResource("3_bemi7")]
transform = Transform3D(-0.019185316, -0.34803197, -0.99394447, -0.006957488, 0.9597003, -0.3604505, 1.0009644, 0, -0.02155618, -0.7813779, -0.4436289, 1.6532218)

[node name="Wood_09" parent="." unique_id=1177081228 instance=ExtResource("3_bemi7")]
transform = Transform3D(-0.020384016, 0, -0.9997922, 0, 1, 0, 0.9997922, 0, -0.020384016, -0.7886497, -0.6739624, 1.6532218)

[node name="Candle_01" parent="." unique_id=1357418265 instance=ExtResource("4_ngkbq")]
transform = Transform3D(1, 0, 0, 0, 1, 0, 0, 0, 1, -0.78357446, -0.6487449, 1.6400013)

[node name="Book_11" parent="." unique_id=1355731964 instance=ExtResource("5_xefyx")]
transform = Transform3D(-0.09248068, -0.80369073, 0.5878168, -0.124907464, 0.59504724, 0.79392505, -0.987849, -1.6873763e-09, -0.15541732, -0.29814637, -0.55875784, 1.6566622)

[node name="Book_12" parent="." unique_id=1216398826 instance=ExtResource("5_xefyx")]
transform = Transform3D(-0.09248068, -0.80369073, 0.5878168, -0.124907464, 0.59504724, 0.79392505, -0.987849, -1.6873763e-09, -0.15541732, -0.34859645, -0.55875784, 1.6566622)

[node name="Book_13" parent="." unique_id=434055147 instance=ExtResource("5_xefyx")]
transform = Transform3D(-0.09248068, -0.80369073, 0.5878168, -0.124907464, 0.59504724, 0.79392505, -0.987849, -1.6873763e-09, -0.15541732, -0.39515233, -0.55875784, 1.6566622)

[node name="Book_14" parent="." unique_id=681380570 instance=ExtResource("5_xefyx")]
transform = Transform3D(0.0029955707, 0.99968594, -0.02487959, -0.07879306, 0.025038233, 0.9965766, 0.99688673, -0.0010249456, 0.0788433, -0.48311698, -0.55875784, 1.6566622)

[node name="Jug_02" parent="." unique_id=724188620 instance=ExtResource("6_25yaj")]
transform = Transform3D(1, 0, 0, 0, 1, 0, 0, 0, 1, -0.4135517, -0.9739836, 1.6495965)

[node name="Rock_01" parent="." unique_id=157654011 instance=ExtResource("7_s3qry")]
transform = Transform3D(0.5, 0, 0, 0, 0.5, 0, 0, 0, 0.5, -1.1153795, -0.97398347, 1.6520774)

[node name="detail-plate2" parent="." unique_id=1184115826 instance=ExtResource("8_t7pbn")]
transform = Transform3D(1, 0, 0, 0, 1, 0, 0, 0, 1, -0.7876117, -0.67307, 1.6797237)

[node name="detail-chalice2" parent="." unique_id=658887404 instance=ExtResource("9_43gj3")]
transform = Transform3D(1, 0, 0, 0, 1, 0, 0, 0, 1, -0.6401856, -1.0350935, 1.6462522)

[node name="SpotLight3D3" type="SpotLight3D" parent="detail-chalice2" unique_id=776576433]
transform = Transform3D(-0.9977175, -0.06698735, -0.00851867, -0.009717452, 0.017590225, 0.99979806, -0.06682398, 0.99759877, -0.018201021, 1.0982305, 1.0787045, -1.0996559)
light_color = Color(0, 1, 0.05882353, 1)
light_energy = 2.585
light_specular = 16.0

[node name="Camera3D" type="Camera3D" parent="." unique_id=26816771]
transform = Transform3D(-0.9961459, 1.5669149e-09, 0.08771213, 0.0607458, 0.7213615, 0.68988955, -0.063272156, 0.69255877, -0.71858126, 0.56392205, 0.22592694, -0.87850964)
current = true
