[gd_scene format=3 uid="uid://bn8k3kr2xj05k"]

[ext_resource type="PackedScene" uid="uid://cac3htq5qixtj" path="res://Mapa/building-castle.glb" id="1_jka67"]
[ext_resource type="PackedScene" uid="uid://ylr4w7m32di4" path="res://Mapa/grass.glb" id="2_i5arm"]
[ext_resource type="PackedScene" uid="uid://c17533q6arlt7" path="res://Mapa/grass-hill.glb" id="2_tuemg"]
[ext_resource type="PackedScene" uid="uid://7ql5qq73ydhw" path="res://Mapa/building-tower.glb" id="3_i0g27"]
[ext_resource type="PackedScene" uid="uid://y7qa42qbny8i" path="res://Mapa/building-wall.glb" id="4_ealrb"]
[ext_resource type="PackedScene" uid="uid://vs67anjupc3h" path="res://Mapa/building-sheep.glb" id="5_4arys"]
[ext_resource type="PackedScene" uid="uid://bk3g4xjgpks1w" path="res://Mapa/path-end.glb" id="6_jsnrv"]
[ext_resource type="PackedScene" uid="uid://c375cabd74x1u" path="res://Mapa/path-straight.glb" id="7_lggff"]
[ext_resource type="PackedScene" uid="uid://i7cghbm3tfxt" path="res://Mapa/unit-house.glb" id="8_s0gvp"]
[ext_resource type="PackedScene" uid="uid://c8octc5vyl5tf" path="res://Mapa/unit-tower.glb" id="9_vxd74"]
[ext_resource type="PackedScene" uid="uid://rdc0vnehjxbb" path="res://Mapa/path-intersectionD.glb" id="10_dhlwf"]
[ext_resource type="PackedScene" uid="uid://dey3okilp8ybe" path="res://Mapa/path-corner.glb" id="11_5t8nk"]
[ext_resource type="PackedScene" uid="uid://bxymhdtuwhoh8" path="res://Mapa/unit-mill.glb" id="12_j3e5s"]
[ext_resource type="PackedScene" uid="uid://bclwgnu2insp5" path="res://Mapa/unit-tree.glb" id="13_nu31w"]
[ext_resource type="PackedScene" uid="uid://shyxwuu3wwgb" path="res://Mapa/bridge.glb" id="15_obt1j"]
[ext_resource type="PackedScene" uid="uid://de83q0vmkn0ch" path="res://Mapa/river-straight.glb" id="16_2yde8"]
[ext_resource type="PackedScene" uid="uid://lsmag7go1v70" path="res://Mapa/building-smelter.glb" id="17_lggff"]
[ext_resource type="PackedScene" uid="uid://kluudemh3633" path="res://Mapa/river-end.glb" id="18_s0gvp"]
[ext_resource type="PackedScene" uid="uid://ddsax3qu46el5" path="res://Mapa/unit-ship.glb" id="19_vxd74"]
[ext_resource type="PackedScene" uid="uid://wsgtp6ietmtk" path="res://Mapa/unit-mansion.glb" id="20_dhlwf"]
[ext_resource type="PackedScene" uid="uid://h3b7l8i5cr8o" path="res://Mapa/building-market.glb" id="21_5t8nk"]

[sub_resource type="ProceduralSkyMaterial" id="ProceduralSkyMaterial_tuemg"]
sky_horizon_color = Color(0.66224277, 0.6717428, 0.6867428, 1)
ground_horizon_color = Color(0.66224277, 0.6717428, 0.6867428, 1)

[sub_resource type="Sky" id="Sky_i0g27"]
sky_material = SubResource("ProceduralSkyMaterial_tuemg")

[sub_resource type="Environment" id="Environment_ealrb"]
background_mode = 2
sky = SubResource("Sky_i0g27")
ambient_light_source = 3
tonemap_mode = 2
glow_enabled = true
adjustment_enabled = true
adjustment_brightness = 0.9
adjustment_contrast = 1.13

[sub_resource type="Compositor" id="Compositor_jsnrv"]

[node name="Node3D" type="Node3D" unique_id=1898161650]

[node name="DirectionalLight3D" type="DirectionalLight3D" parent="." unique_id=1780676550]
transform = Transform3D(-0.8660254, -0.43301278, 0.25, 0, 0.49999997, 0.86602545, -0.50000006, 0.75, -0.43301266, 0, 0, 0)
shadow_enabled = true
shadow_normal_bias = 10.0
shadow_transmittance_bias = 16.0
shadow_blur = 0.0

[node name="WorldEnvironment" type="WorldEnvironment" parent="." unique_id=572273876]
environment = SubResource("Environment_ealrb")
compositor = SubResource("Compositor_jsnrv")

[node name="building-castle2" parent="." unique_id=1044152364 instance=ExtResource("1_jka67")]
transform = Transform3D(1, 0, 0, 0, 1, 0, 0, 0, 1, -0.029073715, 0.93874276, 0.03848672)

[node name="grass-hill2" parent="." unique_id=1528620427 instance=ExtResource("2_tuemg")]
transform = Transform3D(1, 0, 0, 0, 1, 0, 0, 0, 1, 0.46971232, 0.9373685, 0.9046595)

[node name="grass-hill3" parent="." unique_id=214011967 instance=ExtResource("2_tuemg")]
transform = Transform3D(1, 0, 0, 0, 1, 0, 0, 0, 1, 0.9566828, 0.9373685, 0.041069567)

[node name="grass-hill4" parent="." unique_id=1465601920 instance=ExtResource("2_tuemg")]
transform = Transform3D(1, 0, 0, 0, 1, 0, 0, 0, 1, 0.46557242, 0.9373685, -0.8191713)

[node name="building-tower2" parent="." unique_id=754704469 instance=ExtResource("3_i0g27")]
transform = Transform3D(1, 0, 0, 0, 1, 0, 0, 0, 1, -0.52506316, 0.93761265, -0.82064223)

[node name="building-wall2" parent="." unique_id=2021764752 instance=ExtResource("4_ealrb")]
transform = Transform3D(0.49724656, 0, 0.86760926, 0, 1, 0, -0.86760926, 0, 0.49724656, -0.53028613, 0.93896127, 0.89920497)

[node name="grass2" parent="." unique_id=173861466 instance=ExtResource("2_i5arm")]
transform = Transform3D(1, 0, 0, 0, 1, 0, 0, 0, 1, -1.0332314, 0.9419166, 0.04306455)

[node name="path-end2" parent="." unique_id=231455707 instance=ExtResource("6_jsnrv")]
transform = Transform3D(1, 0, 0, 0, 1, 0, 0, 0, 1, -0.57711804, 1.1324224, 0.07673572)

[node name="path-end3" parent="." unique_id=1542577558 instance=ExtResource("6_jsnrv")]
transform = Transform3D(1, 0, 0, 0, 1, 0, 0, 0, 1, -1.9978316, 0.85451406, 0.12245037)

[node name="path-straight2" parent="." unique_id=165788523 instance=ExtResource("7_lggff")]
transform = Transform3D(0.50805795, 0, 0, 0, 1, 0, 0, 0, 1, -1.2668802, 1.1339287, 0.07653284)

[node name="path-straight3" parent="." unique_id=273520780 instance=ExtResource("7_lggff")]
transform = Transform3D(0.47560745, -0.67761344, 0, 0.29835957, 1.0801665, 0, 0, 0, 1, -1.7403909, 0.98895955, 0.07457292)

[node name="grass3" parent="." unique_id=317189909 instance=ExtResource("2_i5arm")]
transform = Transform3D(1, 0, 0, 0, 1, 0, 0, 0, 1, -2.469942, 0.65949, 0.09215927)

[node name="grass9" parent="." unique_id=691775619 instance=ExtResource("2_i5arm")]
transform = Transform3D(0.623652, -0.36260715, 0, 0.32129827, 0.70383406, 0, 0, 0, 0.9115751, -1.7778993, 0.78898406, 0.041250736)

[node name="grass8" parent="." unique_id=1773315618 instance=ExtResource("2_i5arm")]
transform = Transform3D(1, 0, 0, 0, 1, 0, 0, 0, 1, -3.452767, 0.65949, 0.09215927)

[node name="grass10" parent="." unique_id=1014381842 instance=ExtResource("2_i5arm")]
transform = Transform3D(1, 0, 0, 0, 1, 0, 0, 0, 1, -3.9519567, 0.65949, -0.75088835)

[node name="grass14" parent="." unique_id=1313704541 instance=ExtResource("2_i5arm")]
transform = Transform3D(1, 0, 0, 0, 1, 0, 0, 0, 1, -4.884105, 0.65949, -0.780435)

[node name="grass6" parent="." unique_id=1105409885 instance=ExtResource("2_i5arm")]
transform = Transform3D(1, 0, 0, 0, 1, 0, 0, 0, 1, -1.9707404, 0.6594862, 0.95802546)

[node name="grass7" parent="." unique_id=1537671295 instance=ExtResource("2_i5arm")]
transform = Transform3D(1, 0, 0, 0, 1, 0, 0, 0, 1, -2.9606361, 0.6594862, 0.95802546)

[node name="grass4" parent="." unique_id=718206384 instance=ExtResource("2_i5arm")]
transform = Transform3D(1, 0, 0, 0, 1, 0, 0, 0, 1, -2.9570138, 0.65948987, -0.75729865)

[node name="grass5" parent="." unique_id=1965633797 instance=ExtResource("2_i5arm")]
transform = Transform3D(1, 0, 0, 0, 1, 0, 0, 0, 1, -1.972737, 0.65948987, -0.75729865)

[node name="unit-house2" parent="." unique_id=1626026638 instance=ExtResource("8_s0gvp")]
transform = Transform3D(1, 0, 0, 0, 1, 0, 0, 0, 1, -1.7862811, 0.8594861, 0.81864417)

[node name="unit-house4" parent="." unique_id=1846891750 instance=ExtResource("8_s0gvp")]
transform = Transform3D(1, 0, 0, 0, 1, 0, 0, 0, 1, -1.7862811, 0.8594861, -0.66892946)

[node name="unit-house5" parent="." unique_id=2116548226 instance=ExtResource("8_s0gvp")]
transform = Transform3D(0.51659316, 0, 0.856231, 0, 1, 0, -0.856231, 0, 0.51659316, -2.0170355, 0.8594861, -1.053806)

[node name="unit-house3" parent="." unique_id=2077488736 instance=ExtResource("8_s0gvp")]
transform = Transform3D(0.5450927, 0, -0.8383758, 0, 1, 0, 0.8383758, 0, 0.5450927, -2.0039248, 0.85948616, 1.2625997)

[node name="unit-tower4" parent="." unique_id=2010426406 instance=ExtResource("9_vxd74")]
transform = Transform3D(1, 0, 0, 0, 1, 0, 0, 0, 1, -3.3658335, 0.8222866, 0.7489378)

[node name="unit-tower3" parent="." unique_id=598546345 instance=ExtResource("9_vxd74")]
transform = Transform3D(1, 0, 0, 0, 1, 0, 0, 0, 1, -2.2088308, 0.893569, -0.33567095)

[node name="path-intersectionD2" parent="." unique_id=1065188936 instance=ExtResource("10_dhlwf")]
transform = Transform3D(1, 0, 0, 0, 1, 0, 0, 0, 1, -2.974275, 0.85509324, 0.123144776)

[node name="path-corner2" parent="." unique_id=1346865913 instance=ExtResource("11_5t8nk")]
transform = Transform3D(0.5103778, 0, 0.85995024, 0, 1, 0, -0.85995024, 0, 0.5103778, -2.5356991, 0.853289, -0.6269317)

[node name="path-corner3" parent="." unique_id=1062878455 instance=ExtResource("11_5t8nk")]
transform = Transform3D(0.5103778, 0, 0.85995024, 0, 1, 0, -0.85995024, 0, 0.5103778, -2.5139747, 0.85604405, 0.9349516)

[node name="path-corner4" parent="." unique_id=138486420 instance=ExtResource("11_5t8nk")]
transform = Transform3D(0.8487232, 0, 0.1400797, 0, 1.0747184, 0, -0.15592298, 0, 0.7624851, -2.9017022, 0.85604405, 1.6595386)

[node name="unit-mill2" parent="." unique_id=1143081522 instance=ExtResource("12_j3e5s")]
transform = Transform3D(-0.925864, 0, -0.37785703, 0, 1, 0, 0.37785703, 0, -0.925864, -3.9491675, 0.8594899, -0.7707218)

[node name="unit-tree2" parent="." unique_id=144441015 instance=ExtResource("13_nu31w")]
transform = Transform3D(1, 0, 0, 0, 1, 0, 0, 0, 1, -4.0820074, 0.85949, -1.0931691)

[node name="building-sheep2" parent="." unique_id=828271673 instance=ExtResource("5_4arys")]
transform = Transform3D(1, 0, 0, 0, 1, 0, 0, 0, 1, -3.4593577, 0.659, -1.6110742)

[node name="grass11" parent="." unique_id=1186550605 instance=ExtResource("2_i5arm")]
transform = Transform3D(1, 0, 0, 0, 1, 0, 0, 0, 1, -2.4701307, 0.659, -1.5813968)

[node name="grass12" parent="." unique_id=100561863 instance=ExtResource("2_i5arm")]
transform = Transform3D(1, 0, 0, 0, 1, 0, 0, 0, 1, -2.4701307, 0.659, -1.6053058)

[node name="path-straight4" parent="." unique_id=854627619 instance=ExtResource("7_lggff")]
transform = Transform3D(0.24655749, 0, 0.97548807, 0, 1, 0, -0.934371, 0, 0.25740728, -2.6375782, 0.85099983, -1.4359066)

[node name="bridge2" parent="." unique_id=1849111443 instance=ExtResource("15_obt1j")]
transform = Transform3D(-0.48320597, 0, 0.8755067, 0, 1, 0, -0.8755067, 0, -0.48320597, -3.47, 0.659, 1.792)

[node name="river-straight2" parent="." unique_id=2007368639 instance=ExtResource("16_2yde8")]
transform = Transform3D(0.4830074, 0, -0.8756164, 0, 1, 0, 0.8756164, 0, 0.4830074, -3.9370673, 0.659, 0.9431367)

[node name="path-straight5" parent="." unique_id=291493229 instance=ExtResource("7_lggff")]
transform = Transform3D(0.8246004, 0, -0.5657156, 0, 1, 0, 0.5657156, 0, 0.8246004, -3.823229, 0.85949016, -0.14209598)

[node name="path-straight6" parent="." unique_id=569394986 instance=ExtResource("7_lggff")]
transform = Transform3D(0.8246004, 0, -0.5657156, 0, 1, 0, 0.5657156, 0, 0.8246004, -4.603582, 0.85949016, -0.6674852)

[node name="building-smelter2" parent="." unique_id=589669678 instance=ExtResource("17_lggff")]
transform = Transform3D(1, 0, 0, 0, 1, 0, 0, 0, 1, -2.4805443, 0.6589104, 1.7965937)

[node name="river-end2" parent="." unique_id=1903485593 instance=ExtResource("18_s0gvp")]
transform = Transform3D(-0.49517068, 0, 0.8687957, 0, 1, 0, -0.8687957, 0, -0.49517068, -4.4098544, 0.65738434, 0.09159833)

[node name="unit-ship2" parent="." unique_id=528643821 instance=ExtResource("19_vxd74")]
transform = Transform3D(0.5560345, 0, -0.8311592, 0, 1, 0, 0.8311592, 0, 0.5560345, -4.055512, 0.82149935, 0.68950105)

[node name="unit-mansion2" parent="." unique_id=1684492967 instance=ExtResource("20_dhlwf")]
transform = Transform3D(-0.4670812, 0, 0.8842144, 0, 1, 0, -0.8842144, 0, -0.4670812, -3.2657819, 0.8594899, -0.57011044)

[node name="building-market2" parent="." unique_id=1108547857 instance=ExtResource("21_5t8nk")]
transform = Transform3D(1, 0, 0, 0, 1, 0, 0, 0, 1, -2.9636202, 0.6575736, -2.4649124)
