[gd_scene format=3 uid="uid://dqnqxmninxq6c"]

[ext_resource type="PackedScene" uid="uid://cnpc88cvyiedh" path="res://Assets/graveyard/Ground_01.fbx" id="1_gyldj"]
[ext_resource type="PackedScene" uid="uid://cd34uruprqypk" path="res://Assets/graveyard/Pot_01.fbx" id="2_aw8id"]
[ext_resource type="Texture2D" uid="uid://kycwnbsr4rx6" path="res://Assets/Noise/Ultimate Cloud Noise.jpg" id="2_t0wnn"]
[ext_resource type="Script" uid="uid://c15whta027iit" path="res://Scripts Locais/camera_follow.gd" id="3_553vb"]
[ext_resource type="PackedScene" uid="uid://bc1exvkx6kock" path="res://Assets/graveyard/Table_01.fbx" id="3_gh72r"]
[ext_resource type="PackedScene" uid="uid://q805fk3aftux" path="res://Cenas Locais/player.tscn" id="3_lblfm"]
[ext_resource type="PackedScene" uid="uid://cri36f13bdtw1" path="res://UI/HUD/hud.tscn" id="3_lo8m5"]
[ext_resource type="MeshLibrary" uid="uid://bsmufotireqrl" path="res://Gridmap/InvisibleTilesKit.meshlib" id="3_t0wnn"]
[ext_resource type="Texture2D" uid="uid://cogfnl53gx411" path="res://Icons/Crosshair.png" id="4_553vb"]
[ext_resource type="PackedScene" uid="uid://clf2ctpitnx76" path="res://Assets/graveyard/Book_09.fbx" id="4_t0wnn"]
[ext_resource type="PackedScene" uid="uid://bsl8oowujr003" path="res://Assets/graveyard/Bottle_05.fbx" id="5_lgdko"]
[ext_resource type="PackedScene" uid="uid://qiueo1taxgtt" path="res://Assets/graveyard/Wall_27.fbx" id="6_lblfm"]
[ext_resource type="PackedScene" uid="uid://3fvjc4nqug2v" path="res://Assets/graveyard/WallDecor_05.fbx" id="7_553vb"]
[ext_resource type="PackedScene" uid="uid://bxap8367eqs8s" path="res://Assets/graveyard/Wood_02.fbx" id="8_kb83g"]
[ext_resource type="PackedScene" uid="uid://doh034wlpiuug" path="res://Assets/graveyard/Candle_01.fbx" id="9_oxycu"]
[ext_resource type="PackedScene" uid="uid://jx8vdbwdxgb3" path="res://Assets/graveyard/Column_01.fbx" id="10_lo8m5"]
[ext_resource type="PackedScene" uid="uid://dc63kf1h40fjf" path="res://Assets/graveyard/Jug_02.fbx" id="11_o1qpm"]
[ext_resource type="PackedScene" uid="uid://mmd8bo0wjruq" path="res://Assets/graveyard/Light_08.fbx" id="12_fme3q"]
[ext_resource type="PackedScene" uid="uid://bygtcwx0xdara" path="res://Assets/graveyard/Rock_01.fbx" id="13_gjhjn"]
[ext_resource type="PackedScene" uid="uid://bh7ivpqwifagh" path="res://Assets/graveyard/detail-plate.glb" id="14_sjbvi"]
[ext_resource type="PackedScene" uid="uid://3vmcf7dl7t3f" path="res://Assets/graveyard/pumpkin-carved.glb" id="15_4tx5t"]
[ext_resource type="PackedScene" uid="uid://c8htt1o8vuysa" path="res://Assets/graveyard/detail-chalice.glb" id="16_7wwxt"]
[ext_resource type="PackedScene" uid="uid://cao6qi8p6xmbk" path="res://Assets/graveyard/Box_02.fbx" id="17_2h26j"]
[ext_resource type="Shader" uid="uid://c3gxw48lm23kg" path="res://Shaders/EnergyMaterial.gdshader" id="23_oxycu"]
[ext_resource type="Script" uid="uid://bwlfatxyk7rtv" path="res://Maps/witch_house.gd" id="99_witchscript"]
[ext_resource type="PackedScene" path="res://Builds/cripta.tscn" id="100_cripta"]

[sub_resource type="Animation" id="Animation_lblfm"]
length = 0.001

[sub_resource type="Animation" id="Animation_553vb"]
resource_name = "transicao_para_dia"
length = 2.5

[sub_resource type="Animation" id="Animation_kb83g"]
resource_name = "transicao_para_noite"
length = 2.5

[sub_resource type="AnimationLibrary" id="AnimationLibrary_oxycu"]
_data = {
&"RESET": SubResource("Animation_lblfm"),
&"transicao_para_dia": SubResource("Animation_553vb"),
&"transicao_para_noite": SubResource("Animation_kb83g")
}

[sub_resource type="Environment" id="Environment_553vb"]
background_mode = 1
background_color = Color(0.05053036, 0.16392758, 0, 1)
ambient_light_source = 2
ambient_light_color = Color(0.34901962, 0, 0.5176471, 1)
ambient_light_energy = 2.0
ssao_radius = 4.2
ssao_intensity = 2.5
ssao_power = 11.999979
ssao_detail = 5.0
fog_light_color = Color(0, 0.65932333, 0.32582715, 1)
fog_light_energy = 16.0
fog_aerial_perspective = 0.822

[sub_resource type="NavigationMesh" id="NavigationMesh_gyldj"]
vertices = PackedVector3Array(-0.35750002, 0.351, 1.2925001, -0.35750002, 0.351, 2.7925, 2.3925, 0.351, 2.7925, 2.3925, 0.351, 1.2925001)
polygons = [PackedInt32Array(3, 2, 0), PackedInt32Array(0, 2, 1)]
cell_height = 0.01
agent_radius = 0.05
region_min_size = 0.0
vertices_per_polygon = 12.0

[sub_resource type="ShaderMaterial" id="ShaderMaterial_lo8m5"]
render_priority = 0
shader = ExtResource("23_oxycu")
shader_parameter/time_speed = 0.225
shader_parameter/spin = 0.0
shader_parameter/flame_brightness = 1.74
shader_parameter/color_intensity = 5.27
shader_parameter/horizontal_frequency = 1.0
shader_parameter/vertical_frequency = 1.0
shader_parameter/size = -0.3
shader_parameter/core_size = 1.0
shader_parameter/noise_texture = ExtResource("2_t0wnn")
shader_parameter/color1 = Color(0.3739827, 0.33042863, 0.14830628, 1)
shader_parameter/color2 = Color(0.98, 0.38, 0.34, 1)
shader_parameter/color3 = Color(0.98, 0.95, 0.53, 1)
shader_parameter/color4 = Color(1, 1, 1, 1)

[sub_resource type="CapsuleMesh" id="CapsuleMesh_o1qpm"]
material = SubResource("ShaderMaterial_lo8m5")

[node name="Node3D" type="Node3D" unique_id=1831006418]
script = ExtResource("99_witchscript")

[node name="Camera3D" type="Camera3D" parent="." unique_id=2020402294 node_paths=PackedStringArray("player")]
transform = Transform3D(-1, 6.181724e-08, -6.181724e-08, 0, 0.7071068, 0.7071068, 8.742278e-08, 0.7071068, -0.7071068, 1, 1.4, 0.8)
current = true
fov = 79.7
script = ExtResource("3_553vb")
player = NodePath("../Player")

[node name="DayNightAnimator" type="AnimationPlayer" parent="." unique_id=875634976]
libraries/ = SubResource("AnimationLibrary_oxycu")

[node name="SpotLight3D" type="SpotLight3D" parent="." unique_id=358487803]
transform = Transform3D(-0.9977175, -0.06698731, -0.00851865, -0.054122932, 0.71784717, 0.6940938, -0.04038039, 0.6929706, -0.7198342, 1.1873301, 4.403883, -1.8170923)
light_color = Color(1.3235956e-06, 0.5054883, 0.14968812, 1)
light_energy = 8.079
light_negative = true
light_specular = 6.837
shadow_enabled = true
spot_range = 972.725

[node name="WorldEnvironment" type="WorldEnvironment" parent="." unique_id=1364139838]
environment = SubResource("Environment_553vb")

[node name="HUD" parent="." unique_id=1178528872 instance=ExtResource("3_lo8m5")]

[node name="Player" parent="." unique_id=1040113878 instance=ExtResource("3_lblfm")]
transform = Transform3D(0.5, 0, 0, 0, 0.5, 0, 0, 0, 0.5, 1.1375964, 0.60615665, 1.9745929)
rotation_speed = 20.0

[node name="NavigationAgent3D" type="NavigationAgent3D" parent="Player" unique_id=1908486518]
max_neighbors = 20

[node name="LinhaCaminho" type="Decal" parent="Player" unique_id=1755658475]
transform = Transform3D(0.70710677, 0, 0.70710677, 0, 1, 0, -0.70710677, 0, 0.70710677, 0, 0, 0)
size = Vector3(0.25, 0.1, 0.25)
texture_albedo = ExtResource("4_553vb")
texture_normal = ExtResource("4_553vb")
texture_emission = ExtResource("4_553vb")
emission_energy = 2.0

[node name="NavigationRegion3D" type="NavigationRegion3D" parent="." unique_id=1298432368]
navigation_mesh = SubResource("NavigationMesh_gyldj")

[node name="Book_09" parent="NavigationRegion3D" unique_id=1355731964 instance=ExtResource("4_t0wnn")]
transform = Transform3D(-0.03248297, -0.020356847, 1.4995099, -0.4726678, 1.4235526, 0.009086562, -1.423211, -0.47231665, -0.037242163, 1.093445, 0.39145568, 2.8905957)

[node name="Ponte" parent="NavigationRegion3D" unique_id=1696412422 instance=ExtResource("8_kb83g")]
transform = Transform3D(0.4986314, 0, 1.9843996, 0, 2, 0, -3.968799, 0, 0.2493157, -1.4367601, 0.3467682, 1.8326743)

[node name="GridMap" type="GridMap" parent="NavigationRegion3D" unique_id=642880538]
visible = false
mesh_library = ExtResource("3_t0wnn")
cell_size = Vector3(0.15, 0.013, 0.15)
cell_scale = 0.33
data = {
"cells": PackedInt32Array(1245199, 8, 1048576, 1245198, 8, 1048576, 1245197, 8, 1048576, 1245196, 8, 1048576, 1245195, 8, 1048576, 1245194, 8, 1048576, 1245193, 8, 1048576, 1245192, 8, 1048576, 1245191, 8, 1048576, 1245190, 8, 1048576, 1245200, 7, 1048576, 1245199, 7, 1048576, 1245198, 7, 1048576, 1245197, 7, 1048576, 1245196, 7, 1048576, 1245195, 7, 1048576, 1245194, 7, 1048576, 1245193, 7, 1048576, 1245192, 7, 1048576, 1245185, 7, 1048576, 1245186, 7, 1048576, 1245187, 7, 1048576, 1245188, 7, 1048576, 1245189, 7, 1048576, 1245190, 7, 1048576, 1245191, 7, 1048576, 1245184, 7, 1048576, 1310719, 7, 1048576, 1310718, 7, 1048576, 1310717, 7, 1048576, 1310716, 7, 1048576, 1310716, 8, 1048576, 1310716, 9, 1048576, 1310716, 10, 1048576, 1310716, 11, 1048576, 1310717, 11, 1048576, 1310717, 12, 1048576, 1310716, 12, 1048576, 1310717, 13, 1048576, 1310717, 14, 1048576, 1310716, 15, 1048576, 1310717, 15, 1048576, 1310716, 16, 1048576, 1310717, 16, 1048576, 1310717, 17, 1048576, 1310717, 18, 1048576, 1310716, 18, 1048576, 1310716, 17, 1048576, 1245200, 8, 1048576, 1245200, 9, 1048576, 1245200, 10, 1048576, 1245200, 11, 1048576, 1245200, 12, 1048576, 1245199, 13, 1048576, 1245199, 14, 1048576, 1245199, 15, 1048576, 1245200, 14, 1048576, 1245200, 13, 1048576, 1245200, 15, 1048576, 1245200, 16, 1048576, 1245200, 17, 1048576, 1245200, 18, 1048576, 1245200, 19, 1048576, 1245199, 19, 1048576, 1245198, 19, 1048576, 1245197, 19, 1048576, 1245196, 19, 1048576, 1245195, 19, 1048576, 1245194, 19, 1048576, 1245193, 19, 1048576, 1245192, 19, 1048576, 1245191, 19, 1048576, 1245190, 19, 1048576, 1245189, 19, 1048576, 1245188, 19, 1048576, 1245187, 18, 1048576, 1245186, 19, 1048576, 1245186, 18, 1048576, 1245185, 19, 1048576, 1245185, 18, 1048576, 1245184, 19, 1048576, 1245187, 19, 1048576, 1310719, 19, 1048576, 1310718, 19, 1048576, 1310717, 19, 1048576, 1310716, 19, 1048576, 1245193, 14, 1048576, 1245194, 15, 1048576, 1245195, 16, 1048576, 1245195, 17, 1048576, 1245196, 17, 1048576, 1245197, 17, 1048576, 1245197, 18, 1048576, 1245198, 17, 1048576, 1245198, 18, 1048576, 1245199, 18, 1048576, 1245199, 17, 1048576, 1245199, 16, 1048576, 1245199, 12, 1048576, 1245199, 11, 1048576, 1245198, 11, 1048576, 1245198, 10, 1048576, 1245198, 9, 1048576, 1245199, 9, 1048576, 1245199, 10, 1048576, 1245197, 9, 1048576, 1245196, 9, 1048576, 1245196, 10, 1048576, 1245197, 10, 1048576, 1245197, 11, 1048576, 1245197, 12, 1048576, 1245198, 12, 1048576, 1245197, 13, 1048576, 1245198, 13, 1048576, 1245198, 14, 1048576, 1245198, 15, 1048576, 1245198, 16, 1048576, 1245197, 15, 1048576, 1245197, 14, 1048576, 1245196, 14, 1048576, 1245196, 13, 1048576, 1245196, 12, 1048576, 1245195, 12, 1048576, 1245197, 16, 1048576, 1245196, 16, 1048576, 1245195, 15, 1048576, 1245194, 14, 1048576, 1245193, 13, 1048576, 1245192, 13, 1048576, 1245192, 12, 1048576, 1245195, 14, 1048576, 1245196, 15, 1048576, 1245196, 18, 1048576, 1245195, 18, 1048576, 1245194, 18, 1048576, 1245193, 18, 1048576, 1245192, 18, 1048576, 1245191, 18, 1048576, 1245190, 18, 1048576, 1245189, 18, 1048576, 1245188, 18, 1048576, 1245184, 18, 1048576, 1310719, 18, 1048576, 1310718, 18, 1048576, 1310718, 17, 1048576, 1310718, 16, 1048576, 1310718, 15, 1048576, 1310718, 14, 1048576, 1310718, 13, 1048576, 1310718, 12, 1048576, 1310718, 11, 1048576, 1310719, 10, 1048576, 1245184, 10, 1048576, 1245184, 11, 1048576, 1310719, 11, 1048576, 1310719, 12, 1048576, 1310719, 13, 1048576, 1310719, 14, 1048576, 1310719, 15, 1048576, 1310719, 16, 1048576, 1245184, 16, 1048576, 1245184, 17, 1048576, 1245185, 17, 1048576, 1245186, 17, 1048576, 1245187, 17, 1048576, 1310719, 17, 1048576, 1245185, 16, 1048576, 1245186, 16, 1048576, 1245187, 16, 1048576, 1245188, 16, 1048576, 1245189, 16, 1048576, 1245190, 16, 1048576, 1245191, 16, 1048576, 1245192, 16, 1048576, 1245192, 15, 1048576, 1245193, 15, 1048576, 1245193, 16, 1048576, 1245190, 17, 1048576, 1245189, 17, 1048576, 1245188, 17, 1048576, 1245191, 17, 1048576, 1245192, 17, 1048576, 1245193, 17, 1048576, 1245194, 17, 1048576, 1245194, 16, 1048576, 1245195, 13, 1048576, 1245194, 13, 1048576, 1245193, 12, 1048576, 1245193, 11, 1048576, 1245194, 11, 1048576, 1245195, 11, 1048576, 1245196, 11, 1048576, 1245194, 12, 1048576, 1245195, 10, 1048576, 1245195, 9, 1048576, 1245194, 9, 1048576, 1245193, 9, 1048576, 1245192, 9, 1048576, 1245192, 10, 1048576, 1245191, 10, 1048576, 1245190, 10, 1048576, 1245190, 11, 1048576, 1245191, 11, 1048576, 1245192, 11, 1048576, 1245194, 10, 1048576, 1245193, 10, 1048576, 1245190, 9, 1048576, 1245191, 9, 1048576, 1245191, 13, 1048576, 1245191, 14, 1048576, 1245191, 15, 1048576, 1245191, 12, 1048576, 1245192, 14, 1048576, 1245190, 14, 1048576, 1245190, 13, 1048576, 1245190, 12, 1048576, 1245190, 15, 1048576, 1245189, 14, 1048576, 1245188, 13, 1048576, 1245187, 13, 1048576, 1245187, 14, 1048576, 1245188, 14, 1048576, 1245189, 15, 1048576, 1245186, 15, 1048576, 1245185, 15, 1048576, 1245184, 15, 1048576, 1245184, 13, 1048576, 1245185, 13, 1048576, 1245186, 14, 1048576, 1245187, 15, 1048576, 1245188, 15, 1048576, 1245185, 14, 1048576, 1245184, 14, 1048576, 1245186, 12, 1048576, 1245187, 12, 1048576, 1245188, 11, 1048576, 1245188, 12, 1048576, 1245186, 13, 1048576, 1245189, 13, 1048576, 1245189, 12, 1048576, 1245185, 12, 1048576, 1245184, 12, 1048576, 1245187, 11, 1048576, 1245189, 11, 1048576, 1245189, 10, 1048576, 1245186, 11, 1048576, 1245187, 10, 1048576, 1245187, 9, 1048576, 1245186, 9, 1048576, 1245186, 10, 1048576, 1245185, 10, 1048576, 1245188, 9, 1048576, 1245189, 9, 1048576, 1245185, 11, 1048576, 1245188, 8, 1048576, 1245189, 8, 1048576, 1245187, 8, 1048576, 1245186, 8, 1048576, 1245185, 8, 1048576, 1245184, 8, 1048576, 1310719, 8, 1048576, 1310719, 9, 1048576, 1245185, 9, 1048576, 1245184, 9, 1048576, 1310718, 8, 1048576, 1310717, 8, 1048576, 1310717, 9, 1048576, 1310718, 9, 1048576, 1310718, 10, 1048576, 1310717, 10, 1048576)
}
metadata/_editor_floor_ = Vector3(0, 19, 0)

[node name="Caldeirao" parent="." unique_id=1678453625 instance=ExtResource("2_aw8id")]
transform = Transform3D(1.5, 0, 0, 0, 1.5, 0, 0, 0, 1.5, 1.0858701, -0.10819906, 3.2618637)

[node name="SpotLight3D3" type="SpotLight3D" parent="Caldeirao" unique_id=1330628085]
transform = Transform3D(-0.9977175, -0.066987306, -0.008517342, -0.009715936, 0.017587485, 0.9997981, -0.06682396, 0.9975988, -0.018198185, 0.008240223, 0.56511354, -0.002714157)
light_color = Color(0, 1, 0.05882353, 1)
light_energy = 2.5
light_specular = 16.0
spot_range = 0.588

[node name="Table_01" parent="." unique_id=953588602 instance=ExtResource("3_gh72r")]
transform = Transform3D(3, 0, 0.0002617994, 0, 3, 0, -0.0002617994, 0, 3, 1, -1, 2)

[node name="Decor" type="Node3D" parent="." unique_id=538408608]
transform = Transform3D(2, 0, 0, 0, 2, 0, 0, 0, 2, -1.3852925, -1.0097138, -0.027749062)

[node name="pumpkin-carved2" parent="Decor" unique_id=583084256 instance=ExtResource("15_4tx5t")]
transform = Transform3D(-0.5890976, 0, -0.8080619, 0, 1, 0, 0.8080619, 0, -0.5890976, 3.5235488, 0.01415807, 2.6977057)

[node name="Box_03" parent="Decor" unique_id=194855717 instance=ExtResource("17_2h26j")]
transform = Transform3D(1, 0, 0, 0, 1, 0, 0, 0, 1, 3.9988265, 0.23213208, 2.683911)

[node name="Box_04" parent="Decor" unique_id=1101897841 instance=ExtResource("17_2h26j")]
transform = Transform3D(1, 0, 0, 0, 1, 0, 0, 0, 1, 3.545272, 0.23213208, 3.1053112)

[node name="Box_05" parent="Decor" unique_id=1236046975 instance=ExtResource("17_2h26j")]
transform = Transform3D(1, 0, 0, 0, 1, 0, 0, 0, 1, 4.0070925, 0.69, 3.105)

[node name="Ground_01" parent="Decor" unique_id=1934833831 instance=ExtResource("1_gyldj")]
transform = Transform3D(50, 0, 0, 0, 50, 0, 0, 0, 50, 0.22440866, 0.0016743243, 1.977972)

[node name="Bottle_05" parent="Decor" unique_id=1060815643 instance=ExtResource("5_lgdko")]
transform = Transform3D(1, 0, 0, 0, 1, 0, 0, 0, 1, 0.33093444, 0.31889987, 3.1934924)

[node name="Bottle_06" parent="Decor" unique_id=1557944133 instance=ExtResource("5_lgdko")]
transform = Transform3D(1, 0, 0, 0, 1, 0, 0, 0, 1, 0.24508569, 0.31889987, 3.1934924)

[node name="Bottle_07" parent="Decor" unique_id=641777887 instance=ExtResource("5_lgdko")]
transform = Transform3D(1, 0, 0, 0, 1, 0, 0, 0, 1, 0.28443882, 0.31889987, 3.149601)

[node name="Wall_27" parent="Decor" unique_id=1758137249 instance=ExtResource("6_lblfm")]
transform = Transform3D(-2.155, 0, 1.509958e-07, 0, 1, 0, -3.2539594e-07, 0, -1, 1.0847459, -0.44053495, 3.4694886)

[node name="WallDecor_05" parent="Decor" unique_id=625890557 instance=ExtResource("7_553vb")]
transform = Transform3D(1, 0, 0, 0, 1, 0, 0, 0, 1, 1.9330828, 1.4422095, 3.0502088)

[node name="Wood_07" parent="Decor" unique_id=1878041594 instance=ExtResource("8_kb83g")]
transform = Transform3D(-4.3711385e-08, 1, -4.371138e-08, 0, -4.371139e-08, -0.9999998, -0.99999994, -4.371139e-08, 1.910685e-15, -0.46213317, 1.5124431, 3.1811922)

[node name="Wood_11" parent="Decor" unique_id=48597300 instance=ExtResource("8_kb83g")]
transform = Transform3D(-4.3711385e-08, 1, -4.371138e-08, 0, -4.371139e-08, -0.9999998, -0.99999994, -4.371139e-08, 1.910685e-15, -0.46213317, 0.5071647, 3.1811922)

[node name="Wood_12" parent="Decor" unique_id=1587238429 instance=ExtResource("8_kb83g")]
transform = Transform3D(-4.3711385e-08, 1, -4.371138e-08, 0, -4.371139e-08, -0.9999998, -0.99999994, -4.371139e-08, 1.910685e-15, 0.6262667, 0.5071647, 3.1811922)

[node name="Wood_13" parent="Decor" unique_id=1893685194 instance=ExtResource("8_kb83g")]
transform = Transform3D(-4.3711385e-08, 1, -4.371138e-08, 0, -4.371139e-08, -0.9999998, -0.99999994, -4.371139e-08, 1.910685e-15, 0.6262667, 1.5860804, 3.1811922)

[node name="Wood_02" parent="Decor" unique_id=108569765 instance=ExtResource("8_kb83g")]
transform = Transform3D(-0.020384016, 0, -0.9997922, 0, 1, 0, 0.9997922, 0, -0.020384016, 0.07362911, 0, 3.195585)

[node name="Wood_03" parent="Decor" unique_id=13597761 instance=ExtResource("8_kb83g")]
transform = Transform3D(-0.020384016, 0, -0.9997922, 0, 1, 0, 0.9997922, 0, -0.020384016, 0.07362911, 2.0699093, 3.195585)

[node name="Wood_04" parent="Decor" unique_id=1912144986 instance=ExtResource("8_kb83g")]
transform = Transform3D(-0.020384016, 0, -0.9997922, 0, 1, 0, 0.9997922, 0, -0.020384016, 0.07362911, 1.7316654, 3.195585)

[node name="Wood_05" parent="Decor" unique_id=143429683 instance=ExtResource("8_kb83g")]
transform = Transform3D(-0.020384016, 0, -0.9997922, 0, 1, 0, 0.9997922, 0, -0.020384016, 0.07362911, 1.3460907, 3.195585)

[node name="Wood_06" parent="Decor" unique_id=973376218 instance=ExtResource("8_kb83g")]
transform = Transform3D(-0.020384016, 0, -0.9997922, 0, 1, 0, 0.9997922, 0, -0.020384016, 0.07362911, 1.0166801, 3.195585)

[node name="Wood_08" parent="Decor" unique_id=660491628 instance=ExtResource("8_kb83g")]
transform = Transform3D(-0.019185316, -0.34803197, -0.99394447, -0.006957488, 0.9597003, -0.3604505, 1.0009644, 0, -0.02155618, 0.08090094, 0.5303547, 3.195585)

[node name="Wood_09" parent="Decor" unique_id=83302396 instance=ExtResource("8_kb83g")]
transform = Transform3D(-0.020384016, 0, -0.9997922, 0, 1, 0, 0.9997922, 0, -0.020384016, 0.07362911, 0.30002117, 3.195585)

[node name="Candle_01" parent="Decor" unique_id=1357418265 instance=ExtResource("9_oxycu")]
transform = Transform3D(1, 0, 0, 0, 1, 0, 0, 0, 1, 0.07870442, 0.3252387, 3.1823645)

[node name="Book_11" parent="Decor" unique_id=121605167 instance=ExtResource("4_t0wnn")]
transform = Transform3D(-0.09248068, -0.80369073, 0.5878168, -0.124907464, 0.59504724, 0.79392505, -0.987849, -1.6873763e-09, -0.15541732, 0.56413245, 0.41522574, 3.1990254)

[node name="Book_12" parent="Decor" unique_id=968711459 instance=ExtResource("4_t0wnn")]
transform = Transform3D(-0.09248068, -0.80369073, 0.5878168, -0.124907464, 0.59504724, 0.79392505, -0.987849, -1.6873763e-09, -0.15541732, 0.51368237, 0.41522574, 3.1990254)

[node name="Book_13" parent="Decor" unique_id=1513458966 instance=ExtResource("4_t0wnn")]
transform = Transform3D(-0.09248068, -0.80369073, 0.5878168, -0.124907464, 0.59504724, 0.79392505, -0.987849, -1.6873763e-09, -0.15541732, 0.4671265, 0.41522574, 3.1990254)

[node name="Book_14" parent="Decor" unique_id=966478097 instance=ExtResource("4_t0wnn")]
transform = Transform3D(0.0029955707, 0.99968594, -0.02487959, -0.07879306, 0.025038233, 0.9965766, 0.99688673, -0.0010249456, 0.0788433, 0.3791619, 0.41522574, 3.1990254)

[node name="Column_01" parent="Decor" unique_id=684149175 instance=ExtResource("10_lo8m5")]
transform = Transform3D(1, 0, 0, 0, 1, 0, 0, 0, 1, 1.2113391, 1.1920929e-07, 3.388757)

[node name="Jug_02" parent="Decor" unique_id=724188620 instance=ExtResource("11_o1qpm")]
transform = Transform3D(1, 0, 0, 0, 1, 0, 0, 0, 1, 0.44872713, 0, 3.1919596)

[node name="Rock_01" parent="Decor" unique_id=157654011 instance=ExtResource("13_gjhjn")]
transform = Transform3D(0.5, 0, 0, 0, 0.5, 0, 0, 0, 0.5, -0.2531007, 1.1920929e-07, 3.1944406)

[node name="detail-plate2" parent="Decor" unique_id=1184115826 instance=ExtResource("14_sjbvi")]
transform = Transform3D(1, 0, 0, 0, 1, 0, 0, 0, 1, 0.074667126, 0.30091357, 3.222087)

[node name="detail-chalice2" parent="Decor" unique_id=658887404 instance=ExtResource("16_7wwxt")]
transform = Transform3D(1, 0, 0, 0, 1, 0, 0, 0, 1, 0.22209322, 0, 3.1886153)

[node name="Tocha" parent="." unique_id=1157366277 instance=ExtResource("12_fme3q")]
transform = Transform3D(-1.9856986, 0, -0.23874892, 0, 2, 0, 0.23874892, 0, -1.9856986, 1.0500596, -0.036797643, 6.455797)

[node name="MeshInstance3D" type="MeshInstance3D" parent="Tocha" unique_id=395565006]
transform = Transform3D(0.15, 0, 0, 0, 0.125, 0, 0, 0, 0.15, 0.008999646, 0.32747978, 0.16650963)
mesh = SubResource("CapsuleMesh_o1qpm")

[node name="OmniLight3D" type="OmniLight3D" parent="Tocha" unique_id=714545774]
transform = Transform3D(0.49288136, 0.074615665, -0.03873605, -0.027061468, 0.35892358, 0.3470469, 0.07959683, -0.3400094, 0.35785186, -0.061204135, 0.68478435, 0.69524)
light_color = Color(1, 0.95, 0, 1)
light_energy = 3.0
light_specular = 1.0
light_bake_mode = 1
shadow_enabled = true
shadow_blur = 10.0
omni_range = 20.0
omni_attenuation = 0.4

[node name="Livros" type="Node3D" parent="." unique_id=1438413483]
transform = Transform3D(-0.9944174, 0.055675257, -0.08963424, 0, 0.84946936, 0.52763796, 0.10551792, 0.52469236, -0.84472716, 1.7255257, 0.19608656, 2.2779083)
visible = false

[node name="Book_36" parent="Livros" unique_id=507482620 instance=ExtResource("4_t0wnn")]
transform = Transform3D(-0.9944173, 0, 0.10551791, 0.05567525, 0.8494693, 0.5246923, -0.08963423, 0.5276379, -0.84472704, -0.345585, -0.15414786, 0.5229839)

[node name="Book_37" parent="Livros" unique_id=764255481 instance=ExtResource("4_t0wnn")]
transform = Transform3D(-0.9944173, 0, 0.10551791, 0.05567525, 0.8494693, 0.5246923, -0.08963423, 0.5276379, -0.84472704, -0.345585, -0.18840456, 0.50170577)

[node name="Book_38" parent="Livros" unique_id=264466244 instance=ExtResource("4_t0wnn")]
transform = Transform3D(-0.9944173, 0, 0.10551791, 0.05567525, 0.8494693, 0.5246923, -0.08963423, 0.5276379, -0.84472704, -0.345585, -0.22170293, 0.48102283)

[node name="Book_39" parent="Livros" unique_id=2096320446 instance=ExtResource("4_t0wnn")]
transform = Transform3D(-0.9944173, 0, 0.10551791, 0.05567525, 0.8494693, 0.5246923, -0.08963423, 0.5276379, -0.84472704, -0.345585, -0.25738156, 0.45886147)

[node name="Book_40" parent="Livros" unique_id=1120945823 instance=ExtResource("4_t0wnn")]
transform = Transform3D(-0.9944173, 0.025637867, 0.10235589, 0.05567525, 0.9514989, 0.302572, -0.08963423, 0.30658156, -0.9476145, -0.345585, -0.25738156, 0.45886147)

[node name="Book_41" parent="Livros" unique_id=1755466687 instance=ExtResource("4_t0wnn")]
transform = Transform3D(-0.9944173, 0.025637867, 0.10235589, 0.05567525, 0.9514989, 0.302572, -0.08963423, 0.30658156, -0.9476145, -0.345585, -0.29636776, 0.43464565)

[node name="Book_42" parent="Livros" unique_id=1518074724 instance=ExtResource("4_t0wnn")]
transform = Transform3D(-0.99886334, -0.011581058, -0.04623588, -0.025149457, 0.95206904, 0.30484763, 0.04048931, 0.30566397, -0.95127815, -0.345585, -0.33146954, 0.41284263)

[node name="Book_43" parent="Livros" unique_id=1051472336 instance=ExtResource("4_t0wnn")]
transform = Transform3D(-0.99886334, -0.011581058, -0.04623588, -0.025149457, 0.95206904, 0.30484763, 0.04048931, 0.30566397, -0.95127815, -0.345585, -0.38005543, 0.38266397)

[node name="Book_44" parent="Livros" unique_id=640204410 instance=ExtResource("4_t0wnn")]
transform = Transform3D(-0.99886334, -0.011581058, -0.04623588, -0.025149457, 0.95206904, 0.30484763, 0.04048931, 0.30566397, -0.95127815, -0.345585, -0.38005543, 0.38266397)

[node name="Book_45" parent="Livros" unique_id=277923692 instance=ExtResource("4_t0wnn")]
transform = Transform3D(-0.9944173, 0, 0.10551791, 0.05567525, 0.8494693, 0.5246923, -0.08963423, 0.5276379, -0.84472704, -0.21897256, -0.12836671, 0.554813)

[node name="Book_46" parent="Livros" unique_id=1469275722 instance=ExtResource("4_t0wnn")]
transform = Transform3D(-0.9944173, 0, 0.10551791, 0.05567525, 0.8494693, 0.5246923, -0.08963423, 0.5276379, -0.84472704, -0.21897256, -0.16123652, 0.5343964)

[node name="Book_47" parent="Livros" unique_id=1027231827 instance=ExtResource("4_t0wnn")]
transform = Transform3D(-0.9944173, 0, 0.10551791, 0.05567525, 0.8494693, 0.5246923, -0.08963423, 0.5276379, -0.84472704, -0.21897256, -0.19549322, 0.51311827)

[node name="Book_48" parent="Livros" unique_id=667609737 instance=ExtResource("4_t0wnn")]
transform = Transform3D(-0.9944173, 0, 0.10551791, 0.05567525, 0.8494693, 0.5246923, -0.08963423, 0.5276379, -0.84472704, -0.21897256, -0.26447034, 0.47027397)

[node name="Book_49" parent="Livros" unique_id=1241613696 instance=ExtResource("4_t0wnn")]
transform = Transform3D(-0.9944173, 0.025637867, 0.10235589, 0.05567525, 0.9514989, 0.302572, -0.08963423, 0.30658156, -0.9476145, -0.21897256, -0.26447034, 0.47027397)

[node name="Book_50" parent="Livros" unique_id=1180475559 instance=ExtResource("4_t0wnn")]
transform = Transform3D(-0.9944173, 0.025637867, 0.10235589, 0.05567525, 0.9514989, 0.302572, -0.08963423, 0.30658156, -0.9476145, -0.21897256, -0.30345654, 0.44605815)

[node name="Book_51" parent="Livros" unique_id=481550112 instance=ExtResource("4_t0wnn")]
transform = Transform3D(-0.99886334, -0.011581058, -0.04623588, -0.025149457, 0.95206904, 0.30484763, 0.04048931, 0.30566397, -0.95127815, -0.21897256, -0.3385582, 0.42425513)

[node name="Book_52" parent="Livros" unique_id=1274331053 instance=ExtResource("4_t0wnn")]
transform = Transform3D(-0.99886334, -0.011581058, -0.04623588, -0.025149457, 0.95206904, 0.30484763, 0.04048931, 0.30566397, -0.95127815, -0.21897256, -0.3871442, 0.3940766)

[node name="Book_53" parent="Livros" unique_id=634056612 instance=ExtResource("4_t0wnn")]
transform = Transform3D(-0.9944173, 0, 0.10551791, 0.05567525, 0.8494693, 0.5246923, -0.08963423, 0.5276379, -0.84472704, -0.11730313, -0.13405907, 0.56397724)

[node name="Book_54" parent="Livros" unique_id=130939356 instance=ExtResource("4_t0wnn")]
transform = Transform3D(-0.9944173, 0, 0.10551791, 0.05567525, 0.8494693, 0.5246923, -0.08963423, 0.5276379, -0.84472704, -0.11730313, -0.16692889, 0.5435606)

[node name="Book_55" parent="Livros" unique_id=623680230 instance=ExtResource("4_t0wnn")]
transform = Transform3D(-0.9944173, 0, 0.10551791, 0.05567525, 0.8494693, 0.5246923, -0.08963423, 0.5276379, -0.84472704, -0.11730313, -0.20118546, 0.5222825)

[node name="Book_56" parent="Livros" unique_id=1066092385 instance=ExtResource("4_t0wnn")]
transform = Transform3D(-0.9944173, 0, 0.10551791, 0.05567525, 0.8494693, 0.5246923, -0.08963423, 0.5276379, -0.84472704, -0.11730313, -0.27016258, 0.4794382)

[node name="Book_57" parent="Livros" unique_id=51279359 instance=ExtResource("4_t0wnn")]
transform = Transform3D(-0.9944173, 0.025637867, 0.10235589, 0.05567525, 0.9514989, 0.302572, -0.08963423, 0.30658156, -0.9476145, -0.11730313, -0.27016258, 0.4794382)

[node name="Book_58" parent="Livros" unique_id=1934111752 instance=ExtResource("4_t0wnn")]
transform = Transform3D(-0.9944173, 0.025637867, 0.10235589, 0.05567525, 0.9514989, 0.302572, -0.08963423, 0.30658156, -0.9476145, -0.11730313, -0.3091488, 0.45522237)

[node name="Book_59" parent="Livros" unique_id=77501129 instance=ExtResource("4_t0wnn")]
transform = Transform3D(-0.99886334, -0.011581058, -0.04623588, -0.025149457, 0.95206904, 0.30484763, 0.04048931, 0.30566397, -0.95127815, -0.11730313, -0.34425044, 0.43341935)

[node name="Book_60" parent="Livros" unique_id=296440708 instance=ExtResource("4_t0wnn")]
transform = Transform3D(-0.99886334, -0.011581058, -0.04623588, -0.025149457, 0.95206904, 0.30484763, 0.04048931, 0.30566397, -0.95127815, -0.11730313, -0.39283645, 0.4032408)

[node name="Book_61" parent="Livros" unique_id=1363807642 instance=ExtResource("4_t0wnn")]
transform = Transform3D(-0.9944173, 0, 0.10551791, 0.05567525, 0.8494693, 0.5246923, -0.08963423, 0.5276379, -0.84472704, -0.20000184, -0.09048939, 0.5807098)

[node name="Book_62" parent="Livros" unique_id=1184562660 instance=ExtResource("4_t0wnn")]
transform = Transform3D(-0.9944173, 0, 0.10551791, 0.05567525, 0.8494693, 0.5246923, -0.08963423, 0.5276379, -0.84472704, -0.20000184, -0.1233592, 0.5602932)

[node name="Book_63" parent="Livros" unique_id=1582089877 instance=ExtResource("4_t0wnn")]
transform = Transform3D(-0.9944173, 0, 0.10551791, 0.05567525, 0.8494693, 0.5246923, -0.08963423, 0.5276379, -0.84472704, -0.20000184, -0.1576159, 0.53901505)

[node name="Book_64" parent="Livros" unique_id=1052054111 instance=ExtResource("4_t0wnn")]
transform = Transform3D(-0.9944173, 0, 0.10551791, 0.05567525, 0.8494693, 0.5246923, -0.08963423, 0.5276379, -0.84472704, -0.20000184, -0.22659302, 0.49617076)

[node name="Book_65" parent="Livros" unique_id=866535349 instance=ExtResource("4_t0wnn")]
transform = Transform3D(-0.9944173, 0.025637867, 0.10235589, 0.05567525, 0.9514989, 0.302572, -0.08963423, 0.30658156, -0.9476145, -0.20000184, -0.22659302, 0.49617076)

[node name="Book_66" parent="Livros" unique_id=515598882 instance=ExtResource("4_t0wnn")]
transform = Transform3D(-0.9944173, 0.025637867, 0.10235589, 0.05567525, 0.9514989, 0.302572, -0.08963423, 0.30658156, -0.9476145, -0.20000184, -0.26557922, 0.47195494)

[node name="Book_67" parent="Livros" unique_id=1753487771 instance=ExtResource("4_t0wnn")]
transform = Transform3D(-0.99886334, -0.011581058, -0.04623588, -0.025149457, 0.95206904, 0.30484763, 0.04048931, 0.30566397, -0.95127815, -0.20000184, -0.30068088, 0.45015192)

[node name="Book_68" parent="Livros" unique_id=847945180 instance=ExtResource("4_t0wnn")]
transform = Transform3D(-0.99886334, -0.011581058, -0.04623588, -0.025149457, 0.95206904, 0.30484763, 0.04048931, 0.30566397, -0.95127815, -0.20000184, -0.34926677, 0.41997325)

[node name="Book_16" parent="Livros" unique_id=1685955229 instance=ExtResource("4_t0wnn")]
transform = Transform3D(-0.9944173, 0, 0.10551791, 0.05567525, 0.8494693, 0.5246923, -0.08963423, 0.5276379, -0.84472704, -0.103001475, -0.020370483, 0.46099997)

[node name="Book_17" parent="Livros" unique_id=226746608 instance=ExtResource("4_t0wnn")]
transform = Transform3D(-0.9944173, 0, 0.10551791, 0.05567525, 0.8494693, 0.5246923, -0.08963423, 0.5276379, -0.84472704, -0.21032643, -0.01436162, 0.451326)

[node name="Book_30" parent="Livros" unique_id=80447855 instance=ExtResource("4_t0wnn")]
transform = Transform3D(-0.9944173, 0, 0.10551791, 0.05567525, 0.8494693, 0.5246923, -0.08963423, 0.5276379, -0.84472704, -0.15490556, -0.056530714, 0.60743594)

[node name="Book_32" parent="Livros" unique_id=2119981650 instance=ExtResource("4_t0wnn")]
transform = Transform3D(-0.9944173, 0, 0.10551791, 0.05567525, 0.8494693, 0.5246923, -0.08963423, 0.5276379, -0.84472704, -0.28078794, -0.049482822, 0.59608924)

[node name="Book_34" parent="Livros" unique_id=1296659511 instance=ExtResource("4_t0wnn")]
transform = Transform3D(-0.9944173, 0, 0.10551791, 0.05567525, 0.8494693, 0.5246923, -0.08963423, 0.5276379, -0.84472704, -0.345585, -0.09697151, 0.55849826)

[node name="Book_70" parent="Livros" unique_id=480978018 instance=ExtResource("4_t0wnn")]
transform = Transform3D(-0.9944173, 0, 0.10551791, 0.05567525, 0.8494693, 0.5246923, -0.08963423, 0.5276379, -0.84472704, -0.32625186, -0.0008368492, 0.40372646)

[node name="Book_71" parent="Livros" unique_id=162246737 instance=ExtResource("4_t0wnn")]
transform = Transform3D(-0.9944173, 0, 0.10551791, 0.05567525, 0.8494693, 0.5246923, -0.08963423, 0.5276379, -0.84472704, -0.32625186, -0.0348413, 0.38260508)

[node name="Book_35" parent="Livros" unique_id=1451381687 instance=ExtResource("4_t0wnn")]
transform = Transform3D(-0.9944173, 0, 0.10551791, 0.05567525, 0.8494693, 0.5246923, -0.08963423, 0.5276379, -0.84472704, -0.345585, -0.12127805, 0.5434005)

[node name="Book_25" parent="Livros" unique_id=7087739 instance=ExtResource("4_t0wnn")]
transform = Transform3D(0.99999994, 0, -7.450581e-09, 0, 0.99999994, 0, 7.450581e-09, 2.9802322e-08, 0.99999994, -0.14519417, 0.053218007, 0.3054284)

[node name="Book_15" parent="Livros" unique_id=1973199679 instance=ExtResource("4_t0wnn")]
transform = Transform3D(-0.9944173, 0, 0.10551791, 0.05567525, 0.8494693, 0.5246923, -0.08963423, 0.5276379, -0.84472704, -0.06150222, 0.0081528425, 0.48390067)

[node name="Cripta" parent="." unique_id=-1284565295 instance=ExtResource("100_cripta")]
transform = Transform3D(1, 0, 0, 0, 1, 0, 0, 0, 1, 1.1, 0, -2.5)
visible = false
